-0.1883637636069433 0.2199246332854913 6.84806433238978 0.19676812462232274
-0.38138856548564526 0.21464953595476877 5.22884403971407 -0.283981150100193
-0.778581866031469 0.39886735264285644 6.4768525059096795 -0.4106807365602745
-1.4435180890904533 0.3389874956926854 6.905668074364844 0.9504346058212727
-0.6474262920092981 0.20742139103221585 7.738847888693551 0.16322853762546874
-1.0492034914372426 0.29919101720505376 6.57226837573866 0.776680974001501
-1.2896660175684336 0.3432767040489246 7.505554110337087 0.08994272570105499
-0.16894769890707728 0.31847716860290853 2.593258710559973 -0.3742167296660166
-0.37126226634672266 0.18604996602223778 5.9468660414540295 -0.17732487069403136
-0.29161160115526563 0.19369868953050787 2.8126681619288068 0.3211684896592377
-0.6040741197862258 0.3106771108706482 6.880757969764214 0.33265849031018213
-0.8878942642132466 0.18619474753607232 5.119245864019851 0.6975506794968989
-0.7197875183599096 0.22802970307730971 7.563921358091071 -0.2178966630963488
-0.1673777473652065 0.25610089538346714 2.679584887463955 0.18118050500869076
-0.2351584330496692 0.24083322211599031 3.542351835973328 -0.04324201907559844
-1.786503677942782 0.3267339228823156 7.3609858161719295 0.8333901179133789
-1.205601391464926 0.3836784636352551 5.09995297028011 0.6067425703717646
-0.748475530606147 0.3606389370869072 5.483713447634652 -0.05056452309147108
-0.07205302967458249 0.2563095854355407 6.419733867469032 -0.5292985569477928
-1.1146687255566443 0.36241157389239637 7.849320245068457 -0.6722800578803727
-0.42278209519795573 0.18157163499818943 4.445126230042682 0.45260642314276267
-1.3159085345144266 0.36918258883622673 7.225477198112411 0.12012135866805962
-0.6765350383401498 0.1722410233001003 5.93044901120919 0.6798317714657531
-0.45838902742531995 0.2505112421231907 7.3946383116775944 0.13897246875981817
-0.19065487916239388 0.39451838840900577 2.4352842059597934 0.46676551751070083
-0.6902095613694599 0.38723085777687366 5.615195785120887 -0.9280583242703191
-0.016574636459278258 0.21328162519062013 4.7668066544861185 -0.17605489994977308
-0.02898192467180527 0.304422411351964 3.425783617739337 0.3612021293920109
-1.0461078231964196 0.33288960597671363 4.573085624579695 0.6498820319445449
-0.9642524778908055 0.1937661370215889 6.365261369957527 0.7380994003670454
-0.2236687201238201 0.18027629463710648 3.159967457723928 0.4600846480142142
-0.16302121449112628 0.32584627410036315 5.378116058573813 0.13019657765325965
-0.3863486056553218 0.2887257178990074 2.0463856015995674 0.8294571437668323
-0.9946897757442057 0.29519819367957106 6.1892388195580015 0.7862625304113078
-0.7813515416402517 0.3470168636573511 6.03203246489149 -0.5953492093006192
-0.6466774285799086 0.3759811260592624 7.74250667462651 -0.977997507480884
-0.8387542337538827 0.26510853555547553 5.120447791941186 0.6942596658653264
-0.10428971317276492 0.1426601309818377 1.672896690466219 0.7749507606570945
-0.4316951404438669 0.13712099610925552 6.569021664240214 0.6474175930324912
-1.0332807491274334 0.19883766731962962 6.266591706053645 0.9346756433927683
-0.6293279941052525 0.31173057117764197 5.897981945915837 0.4439977583363579
-1.0907150077248597 0.30846089407691113 6.096949960181211 0.38886800127541155
-0.36807432737521495 0.252745793303249 6.145609935329193 -0.844803359282776
-0.42403176126274533 0.27650654622623194 6.280406842774422 0.19418408837528256
-0.7850400698655053 0.29656646415716476 7.244694367448572 0.23104884397777337
-0.1537349515936457 0.24378710071115117 4.012651325076539 -0.09304739039687027
-0.7125449775235633 0.14462793244101477 6.236353916026932 0.9271607778720083
-0.019538047017058746 0.2866493524391945 2.0565016494834865 -0.13097851164027596
-0.6693660701937425 0.3207708215179992 3.218371028254369 0.486011815127277
-0.8288552025642317 0.2358966813690196 4.6136619159610515 0.7027532309388251
-0.6586539497990056 0.12530195613023057 5.981142513987506 0.8532925938105165
-0.3878601042009504 0.18799757593791014 7.666825810510239 0.17407897613944923
-0.16540909019974026 0.2173834493046709 2.5365375613256154 0.8177393143063747
-0.00046361456353172237 0.1764758253124098 2.398950734486183 0.2948189333414497
-0.04081064869003259 0.22977474210701995 2.5130666957546453 -0.7509069369208168
-0.17578503595836903 0.18688838520390402 6.535195381826008 -0.8028446929892077
-1.1559014660559523 0.33451169746813997 7.522923432562394 0.13996598977444785
-0.8520686383418841 0.2150122482567204 5.863681701446443 0.5992731705040621
-1.081091245443673 0.336822426977227 5.918735575171774 -0.07381055378632118
-0.9880834621403851 0.3135509370166334 5.1627708859244095 0.5610991805421404
-0.004486906832644744 0.3583157045396339 3.712245024637406 -0.22426343440667362
-0.1714892556393528 0.26021311476685266 3.4857850053703725 -0.4893750175842342
-0.5545053045290429 0.28528953383828176 6.420233870264423 0.543421990740145
-0.06047089048802712 0.2861394740919125 5.902138655381106 -0.6307160556155875
-0.8471407101497379 0.31996548520384505 4.599807231198862 0.8650005810481771
-0.6372909048431665 0.20490095348095286 3.446647233580494 0.7926756470531677
-1.9549821229109852 0.28694748310992724 7.59370592587069 0.8848932438655286
-0.4390544084312158 0.27406489406708395 5.384812363973249 0.25690926161328176
-0.08590279950626445 0.2626849491402578 5.602514591828944 0.013623739542639512
-0.9315190401967604 0.3335320571888573 7.111118220825079 0.48295256837889844
-0.7510393525122325 0.2036917201684214 7.186042273678862 0.1676088402059981
-0.35215358467768243 0.34557551130808845 6.2743329536364305 -0.19501058781713754
-0.1860771394841514 0.2925894436728101 7.29506799124294 -0.9966878564439721
-0.13512260032236645 0.3201398431523647 6.680334651245543 -0.3246909854051532
-0.47109565069564674 0.18201528485667495 6.482873087390386 0.11176367186136416
-0.155036021091304 0.3115575529787474 3.3217897005592336 -0.7987965197559386
-0.35138836097205406 0.1946503486001265 6.655899456191969 -0.2574970423361258
-0.9870662511980595 0.3682093124571679 7.080890033116405 -0.26093213445685715
-0.02275621581645937 0.2306228429878039 5.631300399633332 0.05730297229537373
-0.49202548033532456 0.20723741233632073 7.572313681820681 -0.3185781148001454
-0.7858867177549556 0.3802164791118956 5.970587627480128 -0.4319669362803418
-0.8749844330101684 0.2867704140874449 5.033257023871887 0.1720109848334046
-0.2610530450345594 0.3215172720149142 2.8973801785695565 0.08943390745496371
-0.18011884167465841 0.350872987707074 1.6245213750269336 -0.2896618745144459
-0.1632033311182366 0.3533506468592152 5.89087956417903 -0.5731370332627301
-0.23793569170612394 0.30631050982763064 5.0201865191996555 0.18302889354343654
-0.4997085598918265 0.3922003833102099 2.784634046202666 0.7585938074896097
-1.1720610716665154 0.34775882944028846 7.179177063573953 0.582741296271762
-0.5459981241745295 0.13757466618980616 7.235290934106385 0.7200973877934851
-0.7552291323176126 0.17284239957425307 6.737795382493402 0.7964512034167157
-0.8859399262924104 0.28941480786960344 6.962014962615509 0.12400444741458738
-0.8959854349410485 0.3853960999410187 7.33471806998999 0.2283261046362497
-0.439127505365555 0.26346531767861175 5.181107519834873 0.5126159448360359
-0.03260805710368886 0.14642875972653974 0.7475455402605311 0.5263478001209965
-0.03283712847216247 0.20535937325723408 4.791601900563305 -0.019069894569875956
-0.9260826454161211 0.3263590159728078 5.298258565331843 0.8703436874370376
-0.16715986909790193 0.19093104133756778 7.8484869679762115 -0.6085956896036531
-0.25417031367024845 0.2405314228258512 3.587232255943664 0.8153465375672104
-1.026341083471325 0.35109059499350004 5.006232478206349 0.16320305722859274
-1.109350235691499 0.3341297304642368 6.302137664139528 0.39456467633298886
-0.6049283609484069 0.2592528909840441 4.586798172740458 0.7320088106993268
-0.06633976571895217 0.21241089818683642 4.049539071629176 0.9714917888726613
-0.6527609680533384 0.32076005432381594 4.590610866828538 -0.09952740553450723
-0.17415084839949402 0.2012757677709309 6.261260313807749 -0.31892673772414115
-0.5467453513542833 0.37862565783997204 2.6783575331881844 0.10076627453536946
-0.6947490722402458 0.2758106229400046 3.2654748779921308 0.6475013288102349
-0.32498580188013504 0.3329595470117972 5.877817544326321 -0.39625251270590245
-1.06791788362833 0.33592601966713914 6.79742224655931 0.11095931275944015
-1.012798128753975 0.31833676277582323 7.362517093071522 0.29175475159873576
-0.5481601608331028 0.22124667822995542 5.895438450546076 -0.08930011960038664
-0.33335697667549624 0.37401895836868154 2.9307996703089367 0.4968439196249752
-1.26980964839323 0.33175126786559456 5.656417443345743 0.5377246550047656
-0.016658401908115295 0.16875956648649793 5.956039456736199 0.11256837520521334
-0.1625564786687106 0.3752861774813656 3.116822634504892 -0.7547427912992419
-0.46025392195767 0.22568888132039075 7.261078172847217 -0.24221634508816314
-0.22545063737855986 0.22807704994891276 2.8665611221825813 0.508515994570101
-0.5404872783951751 0.3144225494266694 4.824645531337686 -0.35063176833168486
-0.2730798853232552 0.37740720048915444 5.109674048655852 -0.3751582423547639
-0.21605133765132511 0.36589661390628136 3.94548746423754 0.46355603200640116
-0.0866713833778201 0.39424411035830453 2.7934622303582923 0.4346732659314043
-0.3605755621454403 0.21222562943333467 4.536488286775895 0.6262425085109766
-0.8800240948751419 0.299213666174251 5.708419390529356 -0.12116288571211298
-0.010373794944071868 0.3362321640934329 2.0600883382844843 0.6690598123605032
-0.5593467146240567 0.38776972369350815 7.6245654082788255 -0.9083436628711286
-0.7876025364426846 0.3603747667521041 7.742689403868886 -0.7596364106190452
-0.24131139841078286 0.3284516377346412 2.434980985767864 0.34318409677705963
-0.3864368658148756 0.30431145723684294 4.601658471912725 -0.1297877096999045
-0.2744673370085229 0.39722162109433024 6.107993421216981 -0.40142439697736276
-0.16656567360816354 0.3230941320438556 3.2698498298155494 0.6877728160528032
-1.7396723951320159 0.32865238129187885 6.276113957371148 0.9674028975675335
-0.21211172839798986 0.15815044679630905 3.2110278307979794 0.6341489769777822
-0.777268560308777 0.2859284391558327 5.968752779428183 0.5042200107209422
-0.6096695829144969 0.13498620024428384 4.834837398143824 0.9010244168338184
-0.13941338595696928 0.22076350671970335 5.244128545578215 0.2051850761495997
-0.4212799379961505 0.3484743406158171 5.135418450692833 0.1706686402365427
-0.8195295614603035 0.19615000259470788 6.346029943145405 0.9108663100189707
-0.33914654513140685 0.22299924033798435 6.405859030249249 -0.9040629971545209
-0.036635055890419155 0.19899496936174882 0.9577091860409483 0.15575343186066593
-1.2405903929306517 0.29352457714950314 7.751021798281245 0.8091440383268957
-0.04735775920229135 0.3297733311524764 4.495447387296791 -0.23354373678912244
-0.14188383569107144 0.2902778673501267 4.3176027665265275 -0.8702144000481247
-0.1767776461683337 0.12316134706097892 2.0815726641120422 0.86896343729768
-1.193786558199465 0.29196151583928565 6.787504778769871 0.170585919256123
-0.14458354560676479 0.21351336595394446 4.223822172326243 -0.7504484350205085
-0.3411545749746183 0.2928174219968566 4.732847413025516 -0.8174451289210556
-0.33115833836174136 0.22937939612312377 2.888021084519597 0.8212969414216129
-0.22572371492421683 0.317113476366801 1.790381157102055 0.3845472481829115
-0.045603689952046 0.37340574765446655 1.3704372193236427 0.4473419290833154
-0.11301124744634405 0.3895059191688526 1.3400453505454717 -0.14090281059186083
-0.7820084828129725 0.32017162453472864 4.627081664350277 0.09296420910792502
-0.3898100126504147 0.3922278417429782 4.642865584884455 -0.9792756589664993
-0.28021536951186765 0.26043000444873476 7.310862897649776 -0.048756348102175995
-0.6700206370597253 0.2209439010498264 6.109976374176967 0.5222298420940319
-0.4657239751821609 0.15770807567331638 5.628122809989267 0.6512589058390692
-0.03460193155911662 0.25464476346054926 0.9644252031461891 0.910477211656086
-0.44802349133705377 0.2604163600874165 7.399371131790995 -0.01254611910346104
-0.8668285835282619 0.3079586331728854 4.9106591552600065 0.4724434268304938
-0.5736376242498622 0.35792982707637994 6.911652462983618 -0.9982705492840003
-0.393250050624264 0.22436633327785468 3.1906385463917264 0.4551502654171051
-0.7782730083468496 0.36753165308684665 5.6943945099906195 -0.7065485497649373
-0.5104046697144722 0.3521609864459118 2.6096016063816743 0.54287746869129
-0.5597721678308132 0.2410054314548322 6.805310924302907 0.30255328303965934
-1.011039434666646 0.32815543606125575 6.881776372776471 0.3389284659682308
-0.21764084690603802 0.27718357946536126 2.2487668922380335 0.935685845432001
-0.43509847238738164 0.15947946691220888 4.81448544590707 0.6341277130445302
-0.4463669636215808 0.2886172124547356 7.594499221545014 -0.99263652705436
-0.4379147306796527 0.27419416801279056 5.34148938411589 -0.8779183155749095
-1.14008923034599 0.236273259466657 6.669541622841643 0.9355595936335035
-0.43746962265168365 0.2449684438485952 3.736110886635922 0.07038328233862545
-0.1666322613703235 0.18530926422883762 4.914423042916731 -0.17127631565086743
-0.12548052625345107 0.3437667330378163 3.0756121799773535 0.46423851586447995
-1.975505842123633 0.27553030204599094 7.413230473124162 0.896595615534423
-0.5925310207029639 0.26939527439679345 6.046894180519427 0.7574361674767978
-0.5421567343194746 0.39647076492711597 5.306313451011439 0.29479239317269856
-0.8445474870959975 0.383115317221856 5.025922662555385 0.38617964645937763
-0.6091748390959617 0.29657367381737265 6.8376015372067 0.25797234669519153
-0.9189934647292533 0.35628413549231164 5.69018796866225 0.053867530233431715
-0.8202598929025617 0.3283048341906357 4.581391674618063 0.08879188855679465
-0.726012475089225 0.30703955670868677 7.174732402175307 -0.9156146608777334
-0.03423819163735686 0.2142283839143722 5.796840421221748 -0.5433515614702558
-0.3191519494091042 0.24918677887534788 7.079452759863297 -0.713074898510268
-0.9431440657565515 0.33938188986255113 6.457533427208936 -0.26422829456770214
-0.0798991884401472 0.2354085751675462 5.358148625144624 0.25742379920353575
-1.049192749569501 0.3292558888053442 7.541164117359366 -0.33869895752824775
-0.48809530947660207 0.39532197642666866 2.383187018483003 0.5215661719037714
-0.24757810982997341 0.3292558638648946 4.269341053764514 0.7318022236404826
-0.046265032217420066 0.29785443975856835 0.7064021952284527 0.42610047048375743
-0.14141216385058186 0.27705465616135594 3.9933931278770896 0.7433768466118953
-0.028458791593386268 0.16934105176518083 3.7492800619399365 -0.7891026094075224
-0.16432582649656324 0.35280447542940907 1.4598568770035936 0.5098218217075596
-0.6023219144117573 0.18576729176430862 4.154984335441799 0.7250735357698983
-1.0333596080656744 0.27682977891457966 7.469252744509212 0.4970805525952773
-0.2751229814581717 0.36515857052976547 3.6568491942372834 0.4910394862125016
-0.48016549092636773 0.34305198593778236 3.2509236261594436 -0.12314071249474545
-0.8139157858422286 0.3540079893710773 6.1574348717660445 -0.34301610707263874
-0.11816202378238616 0.15235645004461504 2.993909768953941 0.44123202344694
-0.04319904424913812 0.2991432722882787 1.0552756595684718 0.7901015882572009
-0.7068300669438741 0.39466477488233076 6.253166443621232 -0.45894395166639
-0.37747056746211505 0.341569589142414 3.0296849841755673 0.06535781970900412
-0.5992991978450743 0.2425027623599479 6.405549843218183 0.6164932338070765
-0.21514550038390157 0.30209778404107673 5.2937328976839035 -0.9908210422402581
-0.579455181108889 0.3968077356823738 4.119670388862099 -0.5863036048849579
-0.22503516694106773 0.1985296120744033 6.993353142665887 -0.0878983600998351
-0.038241640541014865 0.3558639311583935 3.4567877364393045 0.939531855849937
-0.7460062992899301 0.37469378313246104 6.092567675320428 -0.7898456632059396
-0.29357592676329913 0.3404030183628831 4.685352612429321 -0.008556452453767793
-0.08315935391623608 0.235788187756239 3.426603076848207 -0.6716968940339283
-0.5335480052602954 0.27369845818771105 3.2804842984961127 0.9816332517128858
-0.779927124770585 0.22633427907404893 4.846478496011104 0.4041704243411892
-0.3346383336551968 0.33660557602589897 4.507095745561022 0.3790110026766791
-0.16277321867312233 0.3897270827877783 3.5888630206645553 -0.7698829517861139
-0.17718200608783485 0.36131678855412774 3.6372547013431165 -0.979610295098643
-0.12790506385456535 0.3603864628497966 1.0724473667134458 -0.17035822189944816
-0.23859842567824363 0.35893633431395255 5.196801925169563 -0.58638899688536
-0.5917282206445504 0.23670898362809553 5.3930493077996235 -0.012637532051310352
-1.0956202805597233 0.3631726641643133 6.31131108138344 -0.2656996095139077
-0.061509392916438754 0.32265259001638597 3.91099410751628 -0.47036331328822323
-0.7961223771435026 0.23371683106525487 7.8001771479016915 0.3183386341349663
-1.2700965618935693 0.1925058877988859 6.632814727752995 0.8875868863651821
-0.5929450743878166 0.2726760440333952 4.356237368865414 0.18457750406200035
-0.05104408799217275 0.20224192447966802 7.106427533679937 -0.18711336090131292
-0.6047906562100296 0.3288668288339991 5.950952053533994 0.056289192725472725
-0.2132658812013799 0.23636848197312724 4.764059402938191 -0.9092147652209961
-0.0048806478027310085 0.18951780808921082 1.1334601137244986 -0.9651316645542385
-0.3359089059692877 0.30520392993477086 2.957556322982512 0.720291540188627
-1.1055779303061535 0.3608598477364526 5.119807855273338 0.689382825159254
-0.41207174500796273 0.22031948301241233 3.312875346326048 0.1431108189266248
-0.17458346694804328 0.30397426440182723 4.611124713011412 -0.3171884366298403
-0.7282914818632742 0.26173166707735945 7.92894328155516 -0.033257315029083356
-1.0019987443297234 0.23740527629960748 4.438873026137449 0.7699073260249283
-0.5459298934954928 0.18526536832418353 7.684036641841809 0.13753590488155343
-0.3510026021974668 0.24023708730193022 3.3974147158441355 -0.09236578538520335
-0.0074536987877587 0.26784599789292834 1.52613457658242 0.6430983939928061
-0.6336203467545918 0.19177165654870826 6.525677308727569 0.17272502568676118
-0.3381538569847613 0.19254623640413626 5.149648570858439 0.19157984256176386
-0.6978132766090495 0.36291534633098604 6.082350998425846 -0.5192560657492211
-0.08836284514996318 0.1939717962638342 2.685834093279853 -0.4295991557866774
-0.9531773604419209 0.37422497331845844 5.565436330994549 0.05708662434218548
-0.029002775493680355 0.2068048014737821 7.806272717041059 -0.6167519890577138
-0.702982723288389 0.3756418033384525 2.4450699795839856 0.9967763206273195
-0.17085340861170661 0.2103048587084597 6.095166530609906 -0.6687598566237081
-0.051042110542745434 0.2578590230476123 1.1756230038588713 -0.6361503451834856
-0.7974433956264999 0.13538680306678869 5.882490044281884 0.922819657831589
-0.06287706279810634 0.35918580880824164 3.529611973412689 -0.21133520776618098
-0.05236457169766173 0.27880822006216116 5.720311043642371 0.14474695053001696
-0.9037563524935481 0.3536280718805261 7.654307007348686 -0.7983985721769573
-0.43631145742753685 0.2036071858085066 3.2648505076299505 0.521114273004134
-1.153040728666733 0.36411083838295166 6.134759617170926 -0.13569359080705667
-0.08039604098476638 0.307074041500673 1.6049369066753716 0.8825993517516908
-0.03467989601997168 0.1536783002021169 3.9838871629865533 0.4500337379052384
-0.28401136049351106 0.24398747620104966 3.7618042114083945 -0.6290706978002896
-1.5387875803341766 0.22050817178636814 7.455208810450892 0.8085994202881175
-0.40349089707929786 0.3682066256296017 6.855255645338681 -0.5314710717729636
-0.015035650217617658 0.1978381780859577 3.490262799739291 -0.6814358074409341
-0.24333688953430954 0.2367980876671766 2.4062986192136187 0.9851230176756611
-0.6259350635142811 0.3725303480010298 2.7056855899940544 0.3971919080880988
-0.8627589745415487 0.2592844956336578 7.410340080514213 0.6260305614017618
-0.5378676104807589 0.32937239095121384 3.421112692347304 0.9539350868572176
-0.18860051712317416 0.36619557100029015 1.0581163773372388 0.7447876085041767
-0.0015930503461119017 0.3642797089426275 1.9076728004531436 -0.4530795762481199
-0.10510099089569791 0.19982946571443805 4.6457910333891315 -0.922434341384873
-1.080318087968285 0.3662044642941886 4.927700898059424 0.44119029683082545
-0.7068974546957874 0.21593889100246969 4.588172003589407 0.8661063511474245
-0.1984087321533532 0.3556255780426434 2.912185960221435 -0.33527424644129566
-0.3912655256830362 0.35820649554676254 6.186638511759 -0.9687977821211915
-0.3083389806274699 0.3296151489995172 2.855610580457114 0.053684165072290124
-0.5830669470008103 0.2458496944120543 5.030418074233265 0.8006538668272918
-0.9149530247236644 0.3896605906731967 4.557511658617063 0.5014232953136848
-0.3073300763178948 0.3245146760701835 2.106784675952662 0.28074726377588455
-0.5818371144131766 0.34889276998290164 6.0564714217665045 0.3823912837861603
-0.4294433437404699 0.2869772032059712 5.033722925088469 -0.8063873158535588
-0.5305832293923176 0.2723713583290056 3.3868300095436945 0.39398933477304343
-0.40814771948163453 0.3365681217831749 6.681417229484943 0.02579439737953182
-0.22087730671525918 0.22229974173907385 5.273141111663805 0.4920096108271097
-0.06849682431732362 0.27073700471897383 1.0453822972608506 -0.35557912677008563
-0.9538332763109645 0.38320698856300317 6.558115512996372 0.21206156400257403
-0.009630638888906251 0.3169015858410552 6.623756223467537 -0.757174656748798
-0.4877743682352391 0.1947740558933458 7.832480141552082 -0.285204559231399
-0.5473319298983803 0.36795530977442387 5.163278038968931 0.030141912452025688
-1.1038946207130833 0.3854873903546434 5.119398392520053 0.6536862089203639
-0.24608329380225769 0.19422238167045563 6.492887992570164 0.09903215863924064
-0.09224639548595603 0.17511234314868374 3.568476073082735 0.5530290978605561
-0.5312448070478042 0.19958375459117642 4.937712252109033 0.5046497840502284
-0.07919104568944535 0.19632989600590905 2.7751160980328358 -0.7583030205976184
-0.3121737756658849 0.39573208778092145 5.508394075061495 -0.3287302536582326
-0.4736276021133079 0.26859773039846246 4.711426155833644 0.7499508997028297
-0.6288166624263296 0.2213854805993498 5.59211455755584 0.8509439169747921
-0.9978964932733092 0.32734169366165067 5.573857792979805 -0.048037466866553524
-0.43952994621236874 0.33165370439381797 1.9135641959352352 0.7039970665051865
-0.2299041025185038 0.3533228458510913 2.9710111886046784 0.7623599530383927
-1.5346046287112387 0.3834814841804274 7.141141050695835 0.14786645066064752
-0.867909646727494 0.3787271192405275 5.3428760168523874 0.33313766799360445
-0.2504529323871987 0.34931198797677027 5.042861522455581 0.5220013507059127
-0.47110647390167126 0.2516670016692378 5.969863638398552 -0.6050274305267804
-0.48726221356583377 0.27567350477640046 6.303420309337791 0.404275050054238
-0.223303958101988 0.3800605255755611 2.0518326017830013 0.5517285814513104
-0.35297304478705116 0.16454943037235786 7.981726145841048 0.018767415045610525
-1.0558930287572128 0.20394307372214737 7.671614476319389 0.6469366614215917
-0.6861129974058433 0.12187530276113062 7.318787205453468 0.8003971749102328
-0.6690853944671848 0.39424912494169884 4.821365465802712 0.8845275259668934
-0.4767611703758845 0.3923687169819343 5.289227366718076 -0.6396950232194341
-1.3494131283656325 0.2488079494006976 7.100436760494412 0.5765428162057022
-0.1258083294857708 0.20462093337728635 4.331208538726004 -0.9861493450760348
-0.2219833845884953 0.34280914423659853 4.8985694373008934 -0.48020424374747805
-0.19197068403705697 0.21723464425873953 6.320134388588698 -0.7383502855862785
-0.9898196797260166 0.3396746285649805 6.579378712391813 0.21937670292608824
-1.0640000530804439 0.3390839672188992 7.833210166908282 -0.26670261431825515
-0.2048374235323831 0.301011254556314 4.711060542829213 -0.0725999229975578
-0.2925184054285941 0.2075751528782145 3.033888681418806 0.02809836757518691
-0.3081008310089681 0.28224291658950634 5.0052069135993325 -0.13990828181100246
-0.9007856746308225 0.2397945940989372 4.198361272585976 0.8895900855189525
-0.34955438528456795 0.31564042091439143 4.213459466845608 -0.6052559476608816
-0.7969613121710444 0.22761510324152856 6.733695000576274 0.10643278353684082
-0.6458571680321872 0.25802909632353704 5.16394980461474 0.12142138076979814
-0.07333691449744406 0.22007001808882612 5.957627078333262 -0.6451080279801953
-0.07951984006462354 0.21490127564213451 7.686913771420313 -0.9665367628221604
-0.27878197276432015 0.2967481597030574 2.985750579422377 -0.4575965093899219
-0.6170790351822559 0.1716286939384978 5.434759856246244 0.7568828084910435
-0.022571240765346445 0.38329792886435887 0.8005575938512308 -0.38685322174774295
-0.20787994436047197 0.29434024940425746 1.3121869703110027 0.7402285142030429
-0.6388068601046304 0.34907970307948616 5.659547134751177 0.008814267353637106
-0.9864733555770737 0.3427719288175262 3.5783466108526945 0.9916133685507753
-0.5375358055194699 0.24551017535432895 4.6676939296487845 0.49092393030468484
-0.2956004144015585 0.11190601508826736 2.3929134476625995 0.9998074792700411
-0.07489989694397936 0.33693075840978826 4.7425492587855205 -0.2940287115159117
-0.5642862083779607 0.392881889108211 3.392117974641655 -0.3648706341851893
-0.8101899774009289 0.3639484015053427 3.4306194141890094 0.3739351216876825
-1.1555537147511266 0.24615853186301184 7.674048506968987 0.6724614366792894
-0.5724633389670499 0.19436187061023188 6.855625221147509 0.02512752819895736
-0.6600861339455819 0.3420737819079964 5.624222865081926 -0.4349357901095794
-0.3638191815580589 0.20638985161328174 6.635531041549475 0.05120568594623354
-1.9647681243139508 0.30513694350584913 7.252844875225751 0.7988918013205546
-0.25358129942364216 0.3421884268353598 4.553290317586025 -0.8050124651978863
-0.20411313430029243 0.26600869438812297 1.1267428054369288 0.8989538783555246
-0.23431557054235896 0.39071882253128803 4.92252828126181 -0.6085633036919673
-0.03806691685532804 0.2347180109467588 2.7916320194886257 0.7694945495015193
-1.0102763857863637 0.19855772014371 5.964875041656071 0.8599643630477207
-0.011676268145456525 0.23682737656311026 6.055701892488244 -0.5195856310502998
-0.07442295295478596 0.21095238085092605 1.491178591070823 -0.09810824972315091
-0.6317252453762798 0.35101341670020925 7.067539858714881 -0.8100897030972805
-0.31563278036821907 0.33741180042877833 6.54201332641705 -0.099552454333103
-0.4225730525624871 0.19449339216622313 4.613789439752969 0.3436646535426813
-1.005404948150844 0.2989984723292389 3.6657633873663844 0.8882166608846682
-0.45085851439662084 0.3707673685819993 3.393949040788071 -0.8522032426420278
-0.4952641148688579 0.21956288173371324 3.196423237593539 0.581854368849106
-0.49261789503271225 0.3891584304694645 5.535423300557981 -0.4148196468988743
-1.2390446943544111 0.3435257365611132 5.304426001672456 0.47637792581365734
-0.36043188712095153 0.2291876389575229 4.380638431906389 0.45663356300465474
-1.3683190270175092 0.24837008883600814 6.8897693441926044 0.675366706305103
-1.386309646387372 0.29667776582470395 5.1051231680701985 0.8745609301479793
-0.588373651570097 0.16143612523711012 7.920584990223323 0.5600682965791182
-1.1706190461401489 0.35234877142268584 6.55125126540887 0.3663490989027167
-0.6778002654027999 0.3453845258590043 7.529692157414208 -0.8027757040084287
-0.2240441938851756 0.21384228334373293 5.552307900373843 0.657535134760338
-1.2181847532240921 0.23465114452551905 7.7051529401459105 0.6246061734997366
-1.1344047186916297 0.24431942395356263 7.4955287948800375 0.7036376785278011
-1.0813490951993354 0.3103599144669388 4.635074760946896 0.6843739617068991
-0.9118276792642297 0.3752784328455039 3.741329215296247 0.7428664751889633
-0.14495108936969014 0.36957561087004226 2.1105402912740088 0.9008280002975468
-0.22156269729358868 0.24406950807641659 1.8656454368802624 -0.037808988238642316
-0.25170278131483537 0.1991510587868374 2.034614471204545 0.33293397666693547
-0.20528888412243695 0.23240891572540737 5.037000012715749 0.1137410353980286
-0.5025606083791656 0.3628206458912754 1.9185281677905106 0.769356609144576
-0.5858702718349138 0.26666484784540145 6.888143021513773 -0.7674730158455509
-0.6797854536493779 0.35360659912234543 6.534806589085391 0.1774524014963379
-0.10166618068766509 0.28088086860482986 1.2071021517969234 0.6126310122749437
-0.1370057337757098 0.36357143081923937 2.3882779648285366 0.9924362344565885
-0.9661875051693869 0.368943321740794 6.665255322275415 0.15047537625573493
-0.189780788300967 0.25967411482830394 6.445213359061844 -0.38788311956988375
-0.11097968856566376 0.36374545504507444 3.387762399893079 0.7304351693724012
-1.5850768976084133 0.3140709198841809 7.295555921413273 0.5857542914179146
-0.22496699730470215 0.36381657042472965 5.389155426917723 -0.8011430277458911
-0.7949364640305276 0.37991186404350624 3.1152254326594138 0.5002202361252845
-0.33847243071778155 0.37436587099794505 3.858175022290556 0.779183959056239
-0.12662186489572136 0.2741725512421233 5.14580164908941 -0.39431824474614396
-0.21788868413199358 0.15306946558917087 4.147542240072396 0.9599439417382807
-0.6591956767931237 0.3196097804410536 5.624636043079772 -0.48270582076118873
-0.6045183935611242 0.3892073061800505 2.3618989684505323 0.9448583549469143
-0.0784471447889814 0.24724587400108328 5.685278529848615 -0.2030717091003602
-1.4369011442629378 0.2572832293303031 6.180251302466178 0.8328878754470685
-0.6364435559755437 0.2837007100841756 7.309223845172962 -0.04048956344567678
-1.1223874066320363 0.31795229074477716 7.728359908676891 -0.15085319668092567
-1.0561796426590684 0.3901024964464932 4.490208645848742 0.6996160030777108
-0.33136283473513495 0.3298842732082303 3.763184288034373 0.05311074583229458
-0.15213600770810842 0.19568321202823702 4.633414394025488 0.6663596890340555
-0.34520198824271686 0.27744735474358023 3.6419647557063657 0.508739048720972
-0.40450719608429186 0.16611418664304672 6.067731711413294 0.8785573387678307
-0.041134261466364785 0.2427172777837551 5.781579233873386 0.23121727089098587
-1.1372287083011334 0.36283970921436737 6.349338335488158 0.5852946371923067
-0.07609339452601493 0.374986291204009 3.2094731951358826 -0.4122113706371957
-0.20209956175154242 0.3046592581580458 4.3118457788828115 0.33261120800949184
-0.6472567141476206 0.37731089774017357 6.564490404980023 -0.6754058127639209
-0.44755529037407715 0.31822298612477784 5.290366297526754 -0.6987634372111964
-0.20084390679047393 0.36086067339879485 2.9585601235234185 0.6754506464892998
-0.32153053016814126 0.2560603605202745 3.637419656662729 -0.38002075334524
-1.6593730073663526 0.3703870902628841 7.815398629760424 0.7359062009108763
-0.0024599674118912507 0.21254043590717542 0.8787431809584634 0.42257169252187854
-0.08887097147260792 0.23420870565944601 4.457377286534634 -0.8263192321459425
-0.17384161429464662 0.3711447008269637 1.4726918922415004 0.7193411870929887
-0.24338256358982013 0.3851719516425326 5.039335943194951 -0.7454410988346147
-0.6860995741595866 0.3558251498952455 5.633278563970854 -0.40630654821244017
-0.6204106872607409 0.23395298119121488 7.715926289287426 0.3979603703467953
-0.20733375354241246 0.18723442152272313 7.280958451124812 0.14510770504311954
-0.0019292749149206756 0.2158725137844879 6.265814638734532 -0.9454276046338808
-0.9378568440007664 0.39476864571852444 5.371984217709681 -0.20172831017573367
-0.029860536006344862 0.34248724435106703 2.6661675429863383 0.41012895840473407
-0.7592284176865038 0.363469940036126 7.814234945534605 -0.3933038812704306
-1.2104878031258737 0.3378313307865512 7.312409389759721 -0.1820362802945117
-0.4325769130140702 0.2383196782477214 4.354440268238349 0.03954245716575078
-0.18249616001262314 0.34876866129830303 3.9534603883135073 0.40249907029468757
-0.07232036963620736 0.19936276705879075 7.465810440669549 -0.39316744945187576
-0.19543252330426952 0.21334660351485446 6.687376772381452 -0.001608406829336495
-0.4536076391989594 0.2137907963023432 3.5338775807779426 0.7003944534741025
-0.11195460506479593 0.17794846827207664 6.459717799406523 -0.7463370019114266
-1.4279573850905096 0.2729408063164343 7.029274131241045 0.739167910405631
-0.40209075396583294 0.33280681196759454 2.946454094614044 -0.21492203837349133
-0.6200292657521129 0.3758646879296482 4.408714094550482 -0.5913170035080928
-0.14763887301094325 0.23891092761050323 5.617246389975364 -0.5922478859126847
-0.28734970558369244 0.29568023431788826 4.970191406038686 0.08280778722975968
-1.241236737625802 0.3918389161695589 3.992818160755453 0.8612704376930824
-0.5293899606361496 0.2590858292925315 6.094103527740926 -0.5091146413346153
-0.6943536117532028 0.32167515112457284 5.396657122767322 -0.5253744234249147
-0.5406748099101446 0.3319277553350739 6.066207368825778 -0.49723815630110435
-0.6682219760728865 0.3984434736054083 5.429683354182824 -0.33205898089064845
-0.8843564265598542 0.3703585474974197 7.992982478533619 0.0718917893520803
-1.692857481540343 0.3218032470159341 7.917118788183253 0.48692183327913385
-0.6580684291017609 0.3717218593680609 4.794447622110535 -0.09160530499530095
-0.8224340878918359 0.21196202198493724 4.771846989893147 0.6933370878454461
-0.705125624420206 0.3207247985086674 5.852458014216665 0.3551257323641348
-0.33189102576198004 0.16028881715920051 6.316761506960238 0.4060169410968697
-0.171616361241123 0.21315914132502436 5.659290092035246 -0.44491307503865607
-1.3425837920575843 0.19174121284887666 6.69368380692563 0.9730975080737139
-0.5101056964879853 0.15950529743531117 4.535186946060718 0.9738542711525977
-1.328847895887155 0.2555884859265431 7.771682037922558 0.5803786885964459
-1.0493585507846073 0.3130638728983037 7.189083249447744 -0.2517100507023642
-0.5098767236407229 0.27811643953805026 4.540141520328171 -0.273706619097007
-0.6630345382453267 0.2677777302370753 5.020721168765391 0.28023146074741656
-0.4373997814981776 0.3573893047605726 4.913914491082428 -0.36220707313559
-0.44884352104791936 0.34864180159234287 1.8966870570245273 0.7720735500692812
-0.5709711736854821 0.21586910875991477 7.806962919934886 0.20874656844367445
-0.2791703190962771 0.21795648407279344 5.69312881369994 -0.277150271933462
-0.424531067625066 0.25305388402655293 3.903052964897081 0.03224713676432489
-0.233576321197853 0.21569936388208633 6.655486961494895 -0.8382342011096466
-1.4048850608364751 0.38680993741951364 5.9192841539455845 0.36282787823610185
-0.334306299980657 0.3487724741880706 3.450623843386694 0.2748484017241126
-0.19081757469234617 0.3051906880001374 5.030156268605173 -0.7561503639164122
-0.7136803272079124 0.25411898206457173 5.822969846432823 -0.1403467396131861
-0.5887518969470573 0.3025310425640651 7.524717792992112 -0.6683131140574989
-1.0675972512682628 0.3422775734913364 7.315365867052306 0.5991009751307146
-0.8502043022325008 0.355249342291652 7.362916751539917 -0.21291553156331666
-0.840866977486644 0.3537283218380014 5.353976797141627 -0.32493505717511617
-0.13264163594495204 0.21935704833105718 4.2149663761797855 0.6443788265865484
-0.6591668506168793 0.3577341822506179 5.332527181739584 -0.5086025171691324
-0.4421916878068899 0.3613311605034115 4.741649930891199 -0.36783674598027827
-0.26312906385181933 0.1894197834825555 4.842516751089196 0.008406212050552142
-0.9088034919594095 0.2883810237762399 6.162229567310562 0.8743504599088046
-0.884671840249496 0.13174907377644055 7.218339577009453 0.9387514325459931
-1.4245590147194986 0.1861002409459911 7.456944974357078 0.8334813148230851
-0.008596004384253675 0.2600481929123795 4.338025954938837 -0.2809978738766439
-0.6119470193852565 0.3064681603696113 5.57407193437653 -0.6144148838060559
-1.1732671056872357 0.2572523745369092 6.124081372004092 0.449668120035458
-0.175290496838288 0.3726456664037192 3.207210947309825 0.24814775531833977
-0.6642534293526605 0.2398611764392131 6.011213579457397 0.6685137107587684
-0.37676090291218234 0.2091257720310715 6.780555542634484 0.11572658281442161
-0.8754978152995918 0.3183551869611326 6.457077845357674 -0.4258020541791565
-0.6975538423589192 0.23066527446559687 6.213534163632969 0.17237632865439934
-1.3492968320024719 0.2232239946653791 6.163167537765745 0.9379590646213773
-0.5896147513001808 0.38023137957957165 5.227776944772019 0.7780869107062147
-0.3668436820723293 0.19740561070721482 4.363333519697337 0.3818616900036784
-0.6563241446016783 0.36391242658571954 5.602420405270515 -0.45205358170693266
-0.7628634177380418 0.33502357515307657 7.067976847981519 -0.19068196594494013
-0.30604229815607664 0.24474189616955122 6.1563071898023285 -0.40564740764178064
-0.7909619559974324 0.32262433203974683 5.628074544534533 0.7464892284395281
-0.5432830779992723 0.25288633322370185 7.7330680043586755 -0.18043880087956432
-0.2659305393563709 0.3441310827605788 2.0280628898218334 -0.1376212736779503
-1.775994598713696 0.298914859968464 7.3034356692452285 0.8582494551472395
-0.3098758561050221 0.23515320185454694 6.623323927784541 0.3309848006313161
-0.8919736009571233 0.34393071127621644 5.191847834506715 0.7327956991525548
-0.8860865080701743 0.36977378128256766 6.487213728698007 -0.2229405787778591
-0.44204674023712154 0.23164078394999363 3.7685192739032107 0.06962524050387087
-0.2272118425632912 0.26926230037603277 4.9457926856690255 -0.6212799232540769
-0.007424048065534317 0.3312427400955273 3.162473284534654 0.8275884762924244
-0.29367377006268147 0.165582367323485 4.6033338958723515 0.9271598755423092
-1.1593733737271779 0.34791056597163017 5.031999715949774 0.7748413398349197
-0.3451601246396281 0.3516634028412544 6.443936613018582 -0.27412995851274014
-1.3401307223514634 0.18303361731147186 7.647660000024341 0.8368028751161036
-0.9397076840791496 0.29194900035669025 4.542163656666918 0.7478150879869825
-0.4717712342798075 0.1889424935342651 7.953782938781786 0.05360793066646474
-0.23000861924872074 0.25136159819012716 6.489574672387326 -0.4638670211752307
-0.8603007578290875 0.3964057948195635 6.29350529561669 0.5668196867464119
-0.7882667761662838 0.358228882371693 5.608639749558743 -0.6122666490870485
-0.6695994965002243 0.27668171176881856 6.887419053069247 -0.23587786660944277
-0.37609886160229666 0.26124194029068215 4.3550395950957075 0.3502447692211632
-0.05167899348284699 0.2412962470413207 0.9289177213945621 -0.2804134816838495
-0.036435051740303814 0.337386902720404 4.315360988809597 -0.454373260635506
-0.1515993606461814 0.3304863787750612 0.8353627873706371 0.8679636458459341
-0.9350806688865096 0.352622913986648 7.302226455018536 -0.6420686906544739
-0.7109697780684157 0.3563409674780325 6.8851421050490655 0.11668732137078353
-0.5825105450151937 0.2832376677117538 6.18500273233721 0.5889209719920947
-0.4301550166612129 0.3147601127418911 5.037010127918005 0.78640239620026
-0.04667289586006085 0.20761471881072524 6.859208565170701 -0.8254343809072588
-0.0021256345721902825 0.3805954465384758 1.2715461567792774 -0.4176378005330321
-0.9664072998495483 0.1844141345320126 5.787935026769346 0.9897771656692058
-0.2573903305443659 0.2809819139225967 4.781392780269724 -0.3429233539756309
-1.2177406347000783 0.21922288569994924 5.699011495641679 0.8935407693412352
-0.49960466302423745 0.32603473356603874 4.955295078712797 -0.014168153708578046
-0.31844207784115075 0.2669897086831753 4.054961304963342 0.3010848801395887
-0.6264156586902874 0.33043903696674237 3.9817911023452464 0.054925872426630606
-1.2056167963223579 0.2171768444533506 7.9690246668544535 0.3334069052761375
-0.4550573599105574 0.3394386745197934 4.714613766374633 -0.4273955002766594
-0.6738259032798706 0.3971236898252942 5.055340339119237 -0.631022432852254
-0.5811604855746184 0.37498723597456746 4.448053352200313 -0.11067903693831127
-0.5550673300809932 0.2640462661661647 7.988379241006575 -0.5255665603899264
-0.03713512461937718 0.2829842436078331 1.613346945686354 -0.2666251998371174
-0.43656815425099427 0.27919311514569517 6.961091128236659 -0.8326451223032587
-0.07802133740921713 0.22306178002950655 4.091024016646319 0.7101024509972953
-1.3150313810555867 0.3611270628146913 5.5355712945862745 0.3520364715402162
-0.424510775518558 0.18641398616952032 4.53618513795997 0.17778094798506494
-0.9845201139813269 0.3515581141432236 5.489681711650057 0.34223588799633853
-0.6495699888748161 0.3541764901021056 5.758673056235425 -0.0864454414692144
-0.5133708886274699 0.3524815056105825 7.638218349239805 -0.7118461231670152
-0.1985443721376945 0.19424489989558913 5.635405608562875 0.44621954036233147
-0.22770781611710134 0.39240993563053744 2.9528449635266094 0.4515561867639539
-0.7635788125039864 0.23417710931287897 4.34103334591126 0.513914187214203
-0.5265078493451711 0.1469551546589455 5.468681632945193 0.5631060145201428
-0.41726712711822356 0.3606298351658045 2.452374949821638 0.7051431685037006
-0.8547038767821244 0.1768801790753027 5.597652243685132 0.7735813982097495
-1.3157520354952343 0.37913235532554596 7.815368054755123 -0.1547399037139734
-0.599365784286674 0.25080720171811555 7.319191308447102 -0.4597771037598366
-0.3384222489044606 0.35871111072750045 5.318138233094946 -0.9325463334063768
-0.39165068596735453 0.32078107496523706 4.521447506965994 0.8512969759899705
-0.9455594769967508 0.3459100317237507 7.443315137448397 0.32523978942522835
-1.0422536340882733 0.27418417995900785 7.910913197432045 0.41720625469533057
-0.6207628285349724 0.157891228706048 7.117500191360718 0.5885645630533136
-0.8180460551172308 0.38760182513575986 4.896654021186725 -0.30486654705021476
-0.037906866989460886 0.21102384632010882 4.922814224513877 0.3513345841123223
-0.13562174802733962 0.20314613984984373 7.931044248789658 -0.556158718131444
-1.0313484896701262 0.31590266507257553 6.904948292163318 0.5888822783988001
-0.21431618330373325 0.2063485722306526 3.784448780588189 -0.47369649477780973
-0.31124058754205364 0.25351939431535225 4.841427855716788 0.6588530333160201
-0.11510482322784998 0.26163069842661074 3.0092488764525402 -0.7297176631650617
-0.35419694697586035 0.3896142281657547 3.1988072091995896 -0.006558689790125971
-0.2336128634274135 0.3365993441145594 2.3762437509862915 -0.0330079039212583
-0.25326811851897335 0.3839227524503195 2.461622655660727 0.040071576944145315
-0.5044351004622252 0.3481582822664824 4.565216949179667 0.5455293028939994
-1.241838745957913 0.3592006798631522 5.308081368545487 0.5406743766565771
-0.28491850100862526 0.20724914376644593 4.965309754165422 0.21121696373785048
-0.5370176316646984 0.21759566620065451 3.424711416857116 0.8827438761095046
-0.02875163399262526 0.3407812853939649 3.0058890232228768 -0.3980882835192918
-0.543610800852875 0.2685983363973903 6.159372073269631 0.14726606054825497
-0.6976526075847365 0.31584018747027487 6.474911493996525 -0.18791175721277487
-0.9007275018597689 0.3821894364180958 6.536550279701356 0.20450065114930926
-0.20124917201015968 0.1765491428059924 5.888022296569374 -0.29195219214470014
-1.3590759962026786 0.20860754183764496 7.584408515151362 0.9324109385919206
-0.19202755789709425 0.149301907889204 1.6183470860123768 0.6946162064543437
-0.7449316720853703 0.30167922403917014 3.6297698230819027 0.3437585918573183
-0.13307164329878662 0.2363144433775322 2.8309943133472304 0.24713235610135698
-0.5874121656231557 0.1814771124424156 6.3844113949250545 0.896308766454428
-0.11542962640975407 0.20819393220451876 6.7707558283581655 -0.11644981067484483
-0.38962630408284804 0.24192803460630566 7.568175634045345 -0.0648630686422762
-0.7350900905453652 0.3814208521364803 6.982463671408839 -0.1609404882659109
-1.244822679324761 0.35504414367664994 7.11354559909976 0.08013638327036476
-0.3665874020174704 0.24539954277432063 4.443377875671503 0.4060628581103243
-0.3055708229549685 0.2400560934367221 4.9301965932853955 -0.24890714021434768
-0.029833813456879632 0.25312019854832374 1.292191197437404 0.2292119316920742
-0.900053796267289 0.3961860663026078 4.482441049674257 0.5306582145637133
-0.4720483629103345 0.16342783910704572 6.556157427477415 0.6556895102320621
-0.8064703097442532 0.31037065361589716 7.832830433001663 -0.14357171292294324
-0.623438837094993 0.3731374244383383 5.980746809695754 -0.4643844237317587
-0.511503470307719 0.3267001260803366 4.842899074099695 0.5565763443630123
-0.013212773655349341 0.18489846462840182 6.7450793904176285 -0.21490326525317305
-0.8088154090333006 0.24905568544834722 5.837176807477082 0.5285309309595212
-0.38189303158618726 0.3322924884980109 5.902681285667666 -0.3032933856667597
-0.9512323177341488 0.3235758487916298 3.84923422415714 0.5853190951988707
-0.5253463123737205 0.3073780813069533 7.6958143430235255 -0.28224687960463535
-0.49617622965341623 0.3597941943693849 4.010580862391712 0.9049742106781118
-0.4651178390900763 0.30381582256593015 4.761413684164304 -0.5083625315685807
-0.9535766101257632 0.36610184085139064 4.63810089343602 0.14559677259775938
-0.5869167181250328 0.3256553907108044 6.133935387711125 -0.5533759993337668
-1.076625369670555 0.3384226168458494 7.49553512443492 -0.21215916404291768
-0.13450719075640705 0.15866029926032887 3.9951074465215264 0.6918533033419472
-1.5670186540054516 0.3884770615185771 6.610418165637895 0.3336547066652833
-0.8579734555668606 0.23337329970416043 6.458654610911838 0.921495061078343
-0.819279786351967 0.39862616497360637 4.593576866833978 0.61711008877673
-0.20659466086051892 0.3617194499111794 7.662617192661914 -0.765580728296865
-0.8062909611852445 0.19246252650304593 6.711699714070312 0.37559994876698966
-1.6881065423235884 0.3991521138059665 7.158388787319631 0.18151364362769962
-1.5257388325734489 0.3874515621475729 7.5760468685089455 0.4567596288094906
-0.14762575241857223 0.37876072362225105 1.0596669795712925 0.33565253819194174
-0.7538529693183362 0.2628903008535366 5.336083016268861 0.9020530582618211
-1.1925285510855217 0.237615802351201 7.671972326359229 0.6185135661123204
-0.5475563803901147 0.178068781330524 6.23030026906863 0.4375112650152593
-1.047036145750586 0.2958856151339741 4.507835295311506 0.7214052858852513
-0.15395707621653254 0.22674284417139307 4.24031467453 -0.4896459758464229
-0.647518949985445 0.32879278827764896 3.0372126692837487 0.8753928063737484
-0.5929471968294977 0.3347619437221331 3.426711298555797 -0.12837545348509383
-0.3282525300259922 0.24503419457093079 4.309205643365973 0.9113397716559417
-1.6244003487759124 0.31870691066451423 6.197524221629931 0.9314600031933171
-0.6223479947094352 0.2547947581755429 7.700381591718221 -0.1222367499126158
-0.7925127291562382 0.31413135804039244 5.705187300373763 -0.4230523917964881
-0.23764903414193062 0.21451233248565044 6.096873076851236 0.16374562506745804
-0.33530999573087716 0.3831454804565671 1.6719401290149314 0.8921495528938053
-0.5322099797708826 0.3283472671852359 5.490403744715832 0.05340535631207022
-0.11167948082620982 0.19996170460908458 7.363744787037204 -0.09422992976051425
-0.8157588814061816 0.23837578308210847 4.5175944302489635 0.9949596295361685
-0.1562045626523223 0.3773491126524654 3.5926979551154066 -0.5893266027931416
-0.24613461809499704 0.22106500872126028 5.704100101561559 -0.7550072763770259
-0.018000382653649893 0.2731220305905978 1.7435705353425455 0.18569380840457628
-0.6850645692262691 0.3105518952686449 6.819976494765876 -0.4470105467304333
-0.03133156741906018 0.23167539023563527 7.287205719720656 -0.8180886718273261
-0.5636897845342017 0.3690746421046137 4.657710717093142 -0.8630922883329639
-0.19467823009788576 0.3243369252078232 1.8224171560697187 0.5849179045039326
-1.5814908765979137 0.3568301241133889 7.39075833294308 0.937479599556823
-0.22404712507756908 0.21137509048977715 6.975016940304331 -0.3001855806510638
-0.3297200497425308 0.34617564818671753 3.8233383800727374 -0.7384595439682451
-0.07409735273654405 0.35643776220184265 3.57854322129145 -0.05957164473006227
-0.5426798522432179 0.1703458498197132 7.837040001550702 0.44956849390618836
-0.7525757090624146 0.33539380067816255 5.087419061327052 0.897447219818295
-1.0654207608819508 0.3714321046312919 6.819842393948845 0.0953347138056928
-0.09561110906436632 0.24578982927002413 6.066341110764304 -0.3943446521594729
-0.05857177300164196 0.365476677145436 4.495736175873078 -0.5436806027545777
-0.22827868012070485 0.3292582361979763 3.6544735021310997 -0.24993598394516647
-0.8113488896550975 0.29470610023105465 7.469937799290332 -0.1648497030582068
-0.7264151618489625 0.23955423020054842 5.659683755947513 0.8098859854010763
-1.7794099117797337 0.39601540686047937 6.103492740846435 0.8381230777529067
-0.5313040160604963 0.3971516454755046 3.764841536498733 -0.751872576225858
-1.5250473974944752 0.2458145448229872 7.134911621232066 0.9288784689417444
-0.5113390802829547 0.386937619845364 6.14603082432188 -0.8077221844816551
-0.287243464674765 0.2691201016484794 4.228584946036553 0.8615580037041046
-0.27763289566225047 0.1754548560825886 6.599494408961587 -0.23511521749583086
-1.2180842365501687 0.31200882411036823 7.156157029034485 0.9403663098683437
-1.5283897592717954 0.33946366780561055 5.660951169160535 0.824656869875386
-0.44370919604494663 0.23234836139195403 5.94206743271714 -0.39257752494873577
-0.5610239386234936 0.38560816425669014 2.6242415671646793 0.4048555433797021
-0.16981078608663447 0.31186398139078797 1.9721412532811318 0.17127477934644375
-1.2368203816727605 0.32151771805577606 7.316198136163476 0.7016774563934209
-0.6570406857481594 0.39527742398483284 2.751948790861783 0.7592203073731827
-0.9118416517431875 0.2208305029574571 7.2398186579821875 0.32978816051679005
-0.1789658260768512 0.21826706206368052 5.376293582131656 -0.5475023815967124
-0.04725892162628398 0.25314280190900956 6.1755193047041175 -0.9079369254415428
-0.034984948251205905 0.2928063948777199 6.389393488182032 -0.540396834163321
-1.0751632207389088 0.38197129607769076 7.335432474649161 -0.5346958277901963
-0.3865232398630243 0.23747967126395847 5.003933031186624 0.2914985817939373
-1.313275825621117 0.2249115065533799 6.121369357608191 0.7357923607277843
-0.10520503676469661 0.28092314969647547 3.638727961713097 0.6285500021945745
-0.06986943623734998 0.3239417430196843 3.6936864028922143 0.47084284493540784
-0.06676340684747917 0.2899390082600474 5.161521267578074 -0.4819031788318531
-0.37124823060876744 0.3003453225610879 5.990917291898734 0.17566378662967286
-0.22444108682797181 0.24376182269419383 6.780954141092583 -0.45001303433526485
-0.07395363458733883 0.17404878171744156 5.615724980786137 -0.430170809195235
-0.30273534779562494 0.31154253776398694 3.417132314553391 -0.3503458504872472
-0.71612903259228 0.308400902283549 6.407861880167713 -0.5514739322403819
-0.7999701523599605 0.3980729801079192 5.310692708533902 -0.19722313298098082
-0.8576025692128268 0.3504431966369556 6.944019001344639 0.19954714940457952
-1.6267418288099988 0.32214391897995776 6.7959018185682565 0.6014318036357218
-0.8468182386882706 0.28695960693699013 5.228123914954953 0.7276441542486953
-0.11730864161597254 0.2954999824089008 2.1398905289364887 -0.014116647189505338
-0.04184141216870807 0.3260193545625639 0.9116876886843857 -0.31489764531796394
-0.42392661651369834 0.35516881134859096 5.210532052093476 -0.48082273008042753
-0.48611528425979356 0.3408741631809637 7.136079942264628 -0.802337903045667
-0.728162352872531 0.2818132424709685 6.841786514059817 -0.0983350974874837
-0.7271973086602854 0.2623349726792642 6.017681301309183 0.8216492605533801
-1.985393644618706 0.3753859953288278 7.240402627913599 0.808384861704857
-0.8188445808136449 0.3904516140603561 5.60332502092501 -0.6143740193883243
-0.3452022000819692 0.22458225831811487 6.548460806687944 0.24295285635725894
-0.524180778686326 0.19138530686406696 7.142161048750185 -0.04636751293208197
-0.6267745543753214 0.3285668338979687 7.767745929635944 -0.7676811258246066
-0.2762302923129578 0.23062515713780096 3.329103973197258 0.7348554487616425
-0.06904948783495102 0.3531332912945488 6.3886918974495455 -0.8048811957007238
-1.1265518075693912 0.3599792809338508 4.517908154909539 0.667696627822248
-0.6981387459809549 0.3718302161918725 6.896432043655067 0.12064758457542335
-1.3659800877366175 0.2561369492925701 7.362096850406529 0.46739336098957174
-0.33899910495716656 0.2096575174783046 6.770842979351427 -0.6460169026854741
-0.7862594866952644 0.1560720672539588 5.675712777004592 0.8496960727182958
-1.7160763919823852 0.3546734810383121 6.998386271091115 0.48157368971201153
-0.48475326964489773 0.2436607132109527 3.6725304544385153 0.7496018359367418
-0.9221663254392809 0.26389242202566376 6.120762415125908 0.8531579523723016
-0.7244912024090109 0.21752647400670078 4.770306180439072 0.8614765522642578
-0.8783123530615224 0.2993920239280529 5.066171266044661 0.0849212836644897
-0.6294041253436833 0.29743279313687443 6.330726084699895 -0.47609182553925056
-0.49540811660157336 0.37449980073050865 4.387238391683736 -0.6826552913229389
-0.48239338709231583 0.306807946005584 5.449255716968592 0.3669764899192596
-0.5354745044132527 0.2961791289625738 7.897481201192897 -0.16437949980464284
-0.11929188771814658 0.3693396961603403 5.805314740305524 -0.9755067203489054
-0.3940849315291757 0.14834993068550717 3.5120968511865795 0.7035008924846504
-1.3175916722897068 0.17157318946131497 6.788616627990454 0.9001354315028054
-1.677288744055052 0.3267582198967711 6.380529616865991 0.7771030780801784
-1.5469022853185224 0.35158276032673763 7.142481196953892 0.6087081302003043
-0.6929606050907404 0.21212642033638762 5.386482188855433 0.7560766028468662
-0.1350320652666881 0.18589001187293067 5.199626154257264 -0.19282072704563746
-0.21506916986832758 0.3248266827722169 2.034265262939119 0.4121587848584256
-0.33008469849570243 0.32505101820938176 3.8667482020237998 0.14571445863468147
-0.43780104294399513 0.21565875722352146 3.8443913387079256 0.7624240750090627
-0.29380507306036896 0.2783184955934192 2.551011435753783 0.9745349502487239
-0.2106104588187916 0.2599986390242894 4.284268380460159 -0.3909090457377111
-0.49188937234297425 0.31891900528565015 3.4008455152503956 -0.0018061287006343463
-0.7956320624823354 0.35505268939489526 7.924096414595378 -0.5020960685008105
-0.10329098962746053 0.26723072782659996 4.776446380167781 -0.3978566607370524
-0.24948970704220375 0.3514202637670747 1.8654150107934964 -0.6541847530795426
-0.15019344634261045 0.17586080240715485 3.7084817830922923 0.484300581950853
-1.063670688304143 0.37910401465545496 4.652375415956806 0.7717956362546026
-1.2859075595479004 0.38971908707809483 7.103448733213865 0.446996954580517
-1.1052663289680733 0.2790769817138986 6.114121961507814 0.7481079877033361
-0.8572541536184106 0.3373147850704617 6.5523686659839795 -0.5604550454409714
-0.7920364992739783 0.3733661346962507 6.147296126811777 -0.6888791817710713
-1.2884269075992956 0.33486016171849003 7.535012118442443 0.6765903843793821
-1.1637560816918726 0.35737678192231526 7.579235081658797 0.257462298674366
-0.1844909420365326 0.3293202392611976 5.584027541059842 -0.16676859553408252
-0.5049262150666518 0.35652942917104263 2.883375324182131 0.9737873794265699
-1.27591439988193 0.3935199290875666 5.695619446330433 0.792226302029972
-0.2443685728664533 0.3308515814185929 4.111813339352945 -0.2674201784905632
-0.8639425169653532 0.2914760588887943 6.1909820502211055 0.7594022175436523
-0.7338974722176186 0.2332388254002189 6.146019964003607 0.37010553639323596
-0.9488109657204158 0.34542328317356996 7.643820607039416 -0.9008083009965737
-0.4848611592435019 0.16289702598730954 3.2202138587599123 0.8525099277403259
-0.5488157079737961 0.1415024714372286 4.101641397660382 0.8086173822730902
-0.6206139550593868 0.22355962221189724 5.923575327219179 0.8796888648284391
-0.19388229206572438 0.2874701955949301 6.939142561908909 -0.6851001761376472
-0.5501645591651849 0.2611780602381139 6.287783971448175 -0.03564346912111982
-0.03366366945140453 0.16118824456857112 1.1648798460516572 0.2901970615487304
-0.12264057202427958 0.2178927723867956 2.9775947577436765 0.6704517068449172
-1.1351276418433616 0.2835697626207359 5.320266425045852 0.8230229537811362
-0.6574555376950857 0.27653720281299127 7.736073915449979 -0.4231887674550048
-0.3521790920665726 0.13939133344624022 5.578498027841897 0.720369083213318
-0.0789559932521191 0.2910575854527945 3.533055705964199 -0.719689593236748
-0.21216400303653904 0.28341034772016327 3.2332524616083234 0.08291770464244919
-1.204260602728233 0.28761111368571307 7.972292512439682 0.19640089994121235
-0.5838005624065326 0.2733629259987424 6.639862356763078 -0.4415161693414271
-0.33014275157179274 0.29306064399122284 2.305846978264344 -0.005732013667789415
-0.0148160311189931 0.33762182593162876 0.6286882390450286 -0.15025517456869864
-0.9710618836070222 0.3631028385786235 7.938428381333303 -0.7990886775164592
-0.08313728170395773 0.29399930883210484 1.1724985067589069 -0.550549152394797
-0.1285813728516334 0.19643015965219845 1.9941069074398206 0.9062650884947419
-0.8739348967174774 0.19289389095593884 7.971464581845003 0.526189310357994
-0.3185182488226146 0.2295797211433822 4.2150003631391435 -0.4098077997285998
-0.14922973834350395 0.3298412226585482 4.473317696034398 -0.22996426390078195
-0.19838090116220441 0.2556755494558351 2.4855875593871106 -0.38235664306127637
-0.4058275499741437 0.27259912636808376 3.4454213670811935 0.13398123508049875
-0.9219579104000533 0.293460453589599 7.925864080202284 0.1580089641798974
-0.788165199100336 0.24320231862717537 5.136812968430297 0.20059768552143598
-0.5937828444251887 0.2847669426861856 5.637906083640593 -0.5357026940326133
-0.3283241874001315 0.2837698705675782 4.765710461818708 -0.8016565962445774
-0.9641607609453595 0.2847404313790528 5.282444359362033 0.912100337195082
-0.14143208806160468 0.28669477384795966 3.407586404137059 0.4017692412868974
-0.32633897138725265 0.18437633534504996 3.9122321443424157 0.8817653166282224
-0.22836198079377423 0.2379037099849223 7.2668456744445304 -0.41137341186858833
-0.6933475942939737 0.31844955084358917 7.576632782246392 -0.4489649235897273
-1.3382401555371037 0.39277897763092373 7.290847397643567 -0.12457009735861813
-0.0716496401069826 0.15406926787687755 3.8574358497416243 0.6864037781498942
-0.9332829506456619 0.21833829076703362 4.297122791306544 0.8318155754623033
-0.35820562522990307 0.23348927667213362 6.05676255245331 -0.04163086731408905
-0.6820347953164687 0.34716116514966283 4.548950482689636 0.3786067265216069
-1.1820699136692057 0.3675586231369253 4.969630942378634 0.5073627051090974
-1.0339615097269865 0.3506430623224575 4.672839262345242 0.5033913871410491
-1.1100911109746896 0.37172882004626134 7.434579705767491 0.17153049281758426
-0.3958031960524666 0.39490713770275143 6.47407334596672 -0.5067111638737518
-0.0416390209282389 0.3614778264608994 4.669917132099602 -0.4622720637374558
-0.553241973752131 0.18693604091338656 5.208683614399276 0.24190963703645219
-0.013384609830316974 0.24522067485733134 3.4004746487541473 -0.8418348943364062
-0.11953540936257245 0.16338021505675582 7.636663625034014 -0.3193528807843973
-0.05046186775012451 0.16492287643245285 4.467414238417244 0.13314741657374274
-0.1552025734643665 0.3111058082836446 1.6586872283414271 0.7083262616244486
-1.1591639810276275 0.3963819067315418 7.6034637623075385 -0.799875792182539
-0.6085644957347407 0.2635078431067925 6.880861187156171 0.05920614856634043
-1.6757556510112002 0.388756378315104 7.698856156507279 0.27063929757340466
-0.22989620828341262 0.31561935838320476 4.463627555401389 -0.28802641846629373
-0.44086464916636614 0.38047697473003206 2.085247399456599 0.5739575110893949
-1.2725368161316393 0.2443827923647034 7.111976051162472 0.7091662660487876
-0.4616303746076731 0.2177154728061554 4.8688032961970364 -0.025240142774985763
-0.11750255271478349 0.24745041734238715 5.675241715623331 -0.007290615770803699
-0.48522063294325557 0.23118529018705553 2.903035461910866 0.7157541455454686
-0.5764195179121041 0.29378271753874247 3.2411239724646723 0.25759758519395426
-0.36489179084353385 0.3482935888250092 1.8425473414145896 0.5880648872047232
-0.9224722016201647 0.24765834907333956 7.0862224218947665 0.6478834605662249
-0.9943030838545925 0.2416223218122372 5.608789152713876 0.48907473774852206
-0.3799431678784715 0.22287130614848044 5.952168372224288 -0.6003243833345244
-0.6519003311366387 0.3729344617332639 6.946772319981818 -0.9574088310678801
-0.505596432723473 0.31505486072143274 3.2628904731837745 0.3354361636911203
-0.08378215846588555 0.2727751131633395 2.3824046567222776 -0.42364648428567664
-0.29492973658280763 0.22131212812028625 4.989675440284971 0.7959002846374035
-1.9869598099177908 0.3975003582129638 7.599545148871812 0.48282444784962086
-0.09831668611486943 0.3919315082924878 4.116162671952148 -0.44393575011508357
-0.1244142047427943 0.24965752699654647 3.0550802919326845 -0.3427914109263406
-0.14255290965352385 0.3243911964503192 1.7020546212529535 -0.9156485462158945
-0.5396305804025581 0.3545562193860883 4.8675376372706864 -0.6743235373545984
-0.5858193420479587 0.3660345155054555 4.686173789563499 0.1357525973884932
-0.6326238527231365 0.29708005852468355 3.370006976363059 0.9948732745160058
-0.28273488021444004 0.2817488675619929 2.9667921171620764 -0.2231552535722221
-0.5111989813218683 0.3830797926386822 3.8951902366073616 0.5794314959361953
-0.03635352361678268 0.25336563222956726 5.218001833672827 -0.18637420264449922
-0.7026929845555236 0.38510036913433215 4.547895319407771 -0.5742860384512307
-0.685790899967802 0.13843031953913884 6.570033775356427 0.8486696121614863
-0.4834837181904381 0.3516023845596121 6.034423122853762 0.36003544803295373
-1.0325613482026919 0.36326387321366377 7.200164994113149 0.505549840408277
-1.196494780359308 0.3012311665251395 6.649159471058175 0.2368219086000889
-0.10633444467643005 0.1746525757277392 7.853075113688705 -0.10562359467695392
-0.3280548026028409 0.39218039404674543 3.1917618972274235 0.29759913679198546
-0.4368814033688302 0.2382055713887605 4.98936386873209 0.2379430318032223
-0.3248678231725821 0.3432192583155709 3.0516265869257415 0.07585798990317882
-0.06417195612782667 0.18243941433421818 6.0612789044038236 0.1280688849945426
-0.2350708474755454 0.2240776784465069 3.6411338461860687 -0.6586147043275496
-0.591390514197589 0.25494304883446395 4.879030075003212 0.05698027607788414
-0.07842532124446677 0.17379231701123143 3.9654768274612398 0.38473153928885817
-0.47679863561436275 0.3455585387741867 6.875063298308773 -0.4137013322423122
-0.029325563532027754 0.3186291415514079 1.2956310014504506 0.006985158318767448
-1.1870707821146673 0.3454187715158891 6.178078623837497 0.8632519696065819
-0.2524105614909 0.31138803366601353 6.824779258454035 -0.34350234230362453
-0.6481313303276823 0.3964338960189739 7.916619438141725 -0.2740909839713892
-0.03135114741823353 0.2717358825287531 5.5160704228480295 -0.7217964464911821
-0.35772000037123264 0.2238309765423234 4.315465370783516 0.912393745718517
-0.2450122099647165 0.2952765464271767 6.807782874174358 -0.35058292077818165
-0.10722709320122314 0.24179913199261144 7.2092693629792794 -0.38574185408455985
-0.6079689272692204 0.3712080385287826 4.233717958266688 -0.5463390638397301
-0.4782817258354959 0.24224755871939282 3.607714639199032 0.21675270878487574
-0.04397320365200574 0.3002639698649184 2.2916997334354354 0.1343362126201879
-0.6463448903648423 0.25005615653242097 6.216363246769446 0.2978285606798077
-0.7929681475133297 0.36714964749587775 5.096173523712215 0.8302564649092268
-0.47884091102104764 0.258544376908664 6.044977832647361 0.15004780417851893
-0.13974282133794613 0.28467565228354214 4.16384588701157 -0.7377436870152168
-0.3364967732664097 0.30682886936104614 3.7295381307857305 0.8111936523310972
-0.27845221595669956 0.1340212087120208 5.783428919175016 0.6905319867341695
-0.029199323890537254 0.3700669708261158 5.989457197995073 -0.8426461430154224
-1.0957721521916663 0.36689130447610924 7.953345768918684 0.23418794873084003
-0.3085320387665904 0.39143903733755414 1.889829365941095 0.726264691131846
-0.22512064187918823 0.3515439611711427 2.698798016252625 0.5042222312800184
-0.43605104725219923 0.23451173090569055 3.3424822833120693 0.6103347338327589
-0.25514414905438176 0.26705704501818806 5.496996221258665 0.09931434595171162
-0.21411238378370578 0.3377947290364125 3.4685622888076786 -0.9720595953828046
-0.3051506218401623 0.2573840501049032 1.8485903786301652 0.8391040693557328
-0.0417712511584003 0.2311294769113423 1.1194742159365223 0.7065830081997897
-0.4318227990945349 0.36899769502631946 4.9908834362810595 0.2559399309583532
-0.06529266630340302 0.3347495692355017 3.9211099666155302 -0.26557140774620636
-0.14145846103869442 0.1830592780206169 3.7527997789769323 0.18599089926651668
-0.152206041690933 0.1975246026454799 5.543426160646053 0.4274997704226857
-0.9931072212285152 0.3391389593404359 4.811186716909915 0.740308443883116
-0.15120515480510455 0.24566392581202826 3.5829901253368384 0.6111650588961306
-1.1237267424733215 0.3918320743497402 4.9134588785270115 0.9148260238485073
-0.7168728614651136 0.33483851687958877 4.975479781855986 0.9140415254215719
-0.8143230532274497 0.1385294486837251 6.976516454280136 0.777411885731548
-0.1692034340888764 0.3458528250470855 4.791524071592162 -0.07915636503270473
-0.599741974343931 0.27336393074219484 4.340586632150748 0.6792676659453298
-0.9351410833159097 0.32706916398523544 7.9480171524631835 -0.8057244954434004
-0.15051552417284664 0.33554712212446236 1.1993385690486509 0.9501016418515704
-0.0073166939038742385 0.3905324351543215 4.296317561250876 -0.16609999839037992
-0.02657319232182931 0.2532041217539866 1.931998838767404 -0.9705612879896246
-0.1670114917543386 0.22390092355427643 7.397065772302347 -0.8219830870098768
-1.3704984990142055 0.27663893311871524 6.422500197911971 0.6942705659931048
-0.25496789050339297 0.32118059807601274 7.366719195059556 -0.3535000376346453
-0.06894355584237677 0.2686968427249516 2.182884585782462 0.7296034622141279
-0.540503814842545 0.23084760562161907 6.840304029825731 0.14043587998930063
-0.5900268358536476 0.3316173163118701 4.4763295040142115 0.13821904680993402
-0.037190850064385605 0.368435641283051 1.414693051798455 0.4248071657315666
-1.3086228152833164 0.2938442135591006 7.314488635340368 0.7597379722508688
-0.34202590111638 0.310552839777698 7.740909386811942 -0.968120566282749
-0.10128483341339312 0.21702692433095414 4.434136552540199 -0.9100335990212864
-0.441494320417529 0.34079104209121114 2.8068870574153513 0.11136478740989131
-0.37241308484550695 0.23968854111217844 3.9612829549144033 -0.30491955375303714
-1.487884313733577 0.36973011027967584 5.826686636413822 0.8898189253325735
-1.034984094903802 0.36439682482393276 5.506370895400772 0.5839472179868588
-0.6314209697591533 0.31787569983785247 2.3614364610546197 0.823709659867256
-0.19761684058952578 0.2607280065260272 2.128236296671843 -0.3294175181564838
-1.153862795764233 0.3424904949893923 7.682334218589087 -0.18443216887206226
-0.7215940718309399 0.2728600383264014 5.076447865672485 0.4424057002397226
-0.07762857566261672 0.2190292904918439 4.485582725328317 0.0669572946005812
-0.4761005686471391 0.3284886627221287 4.121749011843209 -0.4223645709063151
-0.45491923115466104 0.34452457773249884 4.499001587463671 0.19282168924695076
-0.21999046410640077 0.3684158177089343 1.8643574182231673 0.2315652361439151
-0.8166347995771703 0.3965605218882218 7.445186332935279 -0.5368970321337612
-0.025851283162696248 0.19478608097328942 2.868794652456905 -0.18220442526569203
-1.3678594922100582 0.3258084179524085 7.573287840842961 0.21445665654158397
-0.27823522502230724 0.20179790524473917 5.834359136046756 0.42320857253616095
-0.08644089850339287 0.375036970006859 1.5435817258168036 0.6502581112355748
-0.16869779037417043 0.21718624602246447 3.1081734594774426 0.879983719134297
-0.012565900165699473 0.24242563689042937 5.857428328748884 -0.7970204724623995
-0.9958888278063913 0.25122586519960316 7.243136182465016 0.21806850952523638
-0.618555499287659 0.23275876811197793 6.63683799266481 0.7384912290585033
-0.14673600673969256 0.1600752248504442 0.9819704046608058 0.9339126736112757
-0.6894613938818925 0.25933104889677244 7.174932510708456 -0.093281816707385
-0.048003635527181565 0.1520170826988521 4.197418467266333 0.9456713504230803
-0.8469382515248716 0.28326789961534726 4.620373610160456 0.8930899732065916
-0.3005270723908484 0.20854284472026313 3.5662093094173297 0.5305863529476003
-1.2680294397557716 0.32743926216532787 7.831222570758939 0.5843146352012949
-0.20712662249954095 0.3649709399254833 1.36514284491735 0.4961828999338229
-0.8118620577148148 0.2664456726473953 6.486450543908282 0.300659127876141
-0.7957707356278785 0.3787644977238274 6.660070075827175 0.2880700670021261
-0.47266492430031604 0.17475151964526778 7.1226726774530915 0.03409963701538232
-0.6114782912332684 0.23103098602958633 6.141159918744362 0.8609396296410474
-0.1073226297120462 0.3196245596574215 5.738103407983163 -0.09516894223653916
-1.9768427442486167 0.38870510369446537 7.797728244910415 0.9120327170893474
-0.048056599683113266 0.1853527285192591 5.8590974873082615 0.44661120442826463
-0.5265904668325576 0.3931711850919551 4.798160953243825 -0.0780342859080898
-0.9556277793257277 0.16525635925928955 5.149177536480676 0.9913179149734439
-0.8065566789828271 0.3431470857454802 6.111884551522254 0.02479526406430077
-0.11292648396804839 0.289796325394667 1.3741155250495858 0.28883269484938423
-0.13702483322559345 0.23461394937888197 5.873141573748013 -0.2738673199809454
-0.18021824602538383 0.3083239184506691 4.5682595123914185 -0.537033219597421
-0.7459752065259027 0.2743099472851698 3.092643991577165 0.891432639075632
-1.17886505983665 0.3172992324016978 6.144961164884545 0.9526280787291659
-0.6945985228105682 0.25792058144074564 4.3374113177320535 0.2264430350384259
-1.4711249770668795 0.2567608527636811 7.022787547639327 0.7105100222013001
-0.2371057845946698 0.2705237437796068 2.544420985110367 0.7798571734916766
-0.545519005694391 0.3627647016585309 5.384240232910099 -0.425005036568477
-1.5961753353264991 0.394349951704992 5.771891196697039 0.5262139369264249
-0.3898814295469213 0.3571780372750919 5.081878460013721 -0.43858195492217633
-0.20976581236041425 0.3656232077832478 3.466016817447855 0.7113549773074022
-0.4599369665329369 0.16680765715925114 6.845390934316412 0.4265259768379541
-0.2576196244773361 0.16023887077744542 5.91833073363132 0.105387162332786
-0.43196935580859286 0.2578853676251779 5.810127384880175 -0.7882919034973692
-0.8453056797967291 0.33143038365362376 5.207701541352371 -0.12071094424918716
-0.770438126013167 0.2383039628607423 6.687575048848498 0.7147970144483788
-0.15621635981303506 0.33240656278531266 3.5513540350921664 0.28560852706755857
-0.4608748391433819 0.2882196070029905 6.7432872401413215 0.21682782039833914
-0.4143125772353613 0.2579942301689494 4.998930345987812 -0.1427173600767082
-0.01805639041445084 0.297750136953237 5.151756070296767 -0.08269071162352071
-0.5769340847015836 0.3337967457923306 5.144626507165961 0.19317458016910427
-0.21740039684692714 0.33354983351754774 2.6399248648244873 -0.5411847279355206
-0.7118314376194077 0.2823337891521984 6.814138530908003 0.37356092718059775
-0.2403737403621038 0.1403561618410265 5.461132523910026 0.8281082043200354
-0.8125126381679189 0.35798034697633885 6.204519964156049 0.21108949851638936
-0.5499798487863212 0.2986673301132745 3.6510505466107066 0.8672787805942559
-0.5438374596518072 0.1663462885678762 6.857070503438892 0.7457190434478578
-0.03037346081580372 0.16599623297184107 1.7527171101943786 0.4439224051860102
-0.6119907180910347 0.2808035158347379 3.978046965217464 0.6097392805939577
-0.23245580533237775 0.25302638597087074 6.773029794204003 -0.3173754441637364
-0.41409881744520805 0.24287802362362468 3.157734566450425 0.3805761605288194
-0.38575174507331966 0.2615180430220237 4.74844321985381 0.3980418673221846
-0.44185569114264167 0.2884283775638463 6.965962452515322 -0.2726283123131692
-1.129982199711984 0.2508101361401626 5.3744029772835225 0.9487133649449442
-0.5862537431468615 0.28593657228939173 7.557305162768253 -0.3046585862719797
-0.21735094206822825 0.2149130366814963 5.792764609042451 0.33221138795057215
-0.5762734660003934 0.2791609881398997 6.849706085822678 -0.15291492743057455
-0.3379765697943722 0.39930620896260216 2.4643705777779816 0.5063522056720209
-0.3336776708661362 0.2194438588676078 3.598255063158086 0.30751501545369564
-0.5290401342198134 0.294596427777033 4.883923608134572 -0.24525442753949944
-0.10686559810534013 0.2522324697548135 2.186923229898798 0.7213494550767658
-0.1221090612475304 0.25223573907511443 2.3191526805637164 -0.20182933813119974
-0.3808478944081628 0.2706227924554764 3.8950872825931633 0.5552614831745604
-0.3336652552583832 0.3985802723584837 1.656218656610652 0.48704421025514755
-0.29323538806326455 0.21181066220394112 3.91170041301758 0.7356373879609635
-0.7558533256526525 0.3051390694514057 6.013351977453263 -0.5014821200861916
-0.019819976159794583 0.38492657660243107 4.844462003606466 -0.40512457484660147
-0.050426643588982634 0.24428760630438873 6.831443361028479 -0.5892723260044159
-0.6380899788170249 0.22770851406174442 5.540507250425854 0.26801163109596526
-0.3501074306322811 0.2524607432320613 3.263082788587872 0.8490766032760848
-0.7876548793390548 0.34354492381673224 6.124560299634538 -0.5725970094129473
-1.5900609150290033 0.3162728169737181 7.768307171145674 0.5915328093312788
-0.20324899609662261 0.38008906322144076 2.2113606333549347 0.7336598598371848
-0.44344333601567953 0.2845327487219387 7.388940442960549 -0.2699110715884421
-0.8236745229889646 0.2860309471084696 5.721488739971212 0.6370237383191981
-1.0838978014030776 0.21690258622391323 6.020325645054521 0.7518312125616589
-0.4371006579219383 0.31536127176309736 7.877729161454246 -0.426910199456497
-0.22307449449804828 0.3101358731774037 2.056115502923003 0.7875404669089117
-0.3749576724135364 0.3935119596624965 7.541429592843568 -0.905097425184481
-0.15164579363156871 0.23699496415901425 1.9336058251420258 -0.2316061137782548
-0.4458203863234007 0.33369727700221014 6.256097887337808 -0.2825573533011494
-0.09064177887390024 0.3212769773069648 4.260837946906195 -0.04915965173694703
-0.8651491636229234 0.19615143453187467 6.421761179189212 0.9648908216400132
-0.2770286495849026 0.16209194153298762 3.9603611705847337 0.9451200829273971
-0.6166392591703116 0.12868992520308398 6.01199223252524 0.8660533149212728
-1.3437858001419332 0.3987502593861632 7.343153424098552 0.7817543003907714
-0.9101399202545006 0.38662395954850237 6.4590811203678005 0.505377311289186
-0.4168735968868944 0.24870221899331396 5.583207260270933 0.73636072047617
-0.9986714515092809 0.3359268275417073 7.752410996517561 -0.6425400035481175
-0.15177906121944829 0.2148633733936449 1.6338723319413413 0.24304501002024015
-0.03814132484342592 0.2725622472661467 5.280698272527809 0.057027378946856055
-0.18506058996595387 0.2552663642265095 5.1537436955059 -0.041219134027084214
-0.7029831092939849 0.2716168399650553 7.312948146650707 0.4470765902650866
-0.26098063445867004 0.23823263768529848 7.697320244883994 -0.10424401763138524
-0.10576137754232406 0.21030307057013042 5.573944148098236 -0.06874257327133249
-0.3902572539398892 0.32337023666043563 3.33138960855527 0.80105650380855
-0.9451072384630632 0.31199704053128463 7.8105447452551475 0.286659737363151
-0.802662291310889 0.21994063364665492 7.739699844725421 0.19963058442037585
-0.09651141198882995 0.34683355247175107 1.3327202944799836 0.33658118907786627
-0.8409341382480748 0.3446957389941498 3.733544839292856 0.8809611452800543
-0.5392865458918652 0.27275659464761126 6.813139246031772 -0.22735682575623195
-0.5459994432774005 0.29975364101911894 3.874956602170931 0.3203155143304879
-0.6889615973182368 0.28065719387643695 3.342565214712522 0.5600196047112533
-0.7333915363909482 0.2137998630553801 7.888674294111007 0.44221051952335766
-0.6870429238104467 0.2513543543352092 5.082667998009072 0.29873602527102805
-0.8392333184408132 0.25351564463041293 5.156247198128571 0.21077978439316958
-0.442271381792112 0.39672407156729866 5.124077932724024 -0.27623380209845605
-0.1477905326772262 0.39699053822255803 3.635117857469835 0.34885244115776426
-0.38060906254757376 0.25367122594115205 7.40317195257178 -0.7130337603709436
-0.0163768305912928 0.32000918039042164 4.523685655930253 -0.7903797014897374
-0.1313948366950799 0.22947327015682628 4.12736129837452 0.8912433437784575
-0.44197030946003624 0.3605520399781797 4.766220630706214 -0.35095099281312936
-0.09495734774662123 0.181045777332438 5.692903648376191 0.09462369281037053
-0.052179510691534814 0.23693135459525308 6.348869776012931 -0.410059455202453
-0.2562366096936153 0.15981721764861165 2.9457517724550897 0.5047435772027233
-0.7527347940496305 0.2499245859119356 3.3982426451355394 0.9168241608916503
-0.5422744570550062 0.3164940366408542 3.5249105446276205 0.4388334592826113
-0.6796264372060139 0.3445281344379495 5.1343099657364375 0.14343562265578025
-1.246052155525038 0.2610019144313009 4.752296778099158 0.9250679859044635
-0.1501321582937134 0.18062884865545323 6.426488358155227 0.47416014855175126
-0.4529208684085504 0.23942338317908254 6.826808435866301 0.18726216460620781
-0.41414328084431173 0.2856236043901255 2.3184194807514604 0.809882314889246
-0.508255612877194 0.20320399551657858 6.365626664378516 0.6440915655300448
-0.2983616094963333 0.19228687552773416 3.9551268940671065 -0.06348045261091007
-0.01815206467007524 0.24924428542743599 1.5028190327395974 0.34202103628957614
-0.854926156985111 0.38928273430306864 4.355402899815402 0.4512579665900993
-0.9318018489762281 0.34582263569568233 4.788679925989657 0.5013595885816278
-0.4487806718870495 0.35773947413765655 3.233763996040463 0.7800590402110108
-0.6661932126951469 0.2837991475665993 4.856719916803719 0.5867432851944931
-0.6985970376814241 0.3190607462628313 4.413471323907688 -0.19137533976556642
-1.1503351337569752 0.360577358715118 5.476718478782037 0.682077214581033
-0.5151769277701739 0.21526678835143576 6.42102007619749 0.06834254629055803
-0.2989306054952634 0.23532286297400398 3.23107103971582 0.8143776752239036
-0.5075234041203556 0.16819042503102524 6.125209460598286 0.48829034089404355
-0.26581518547750016 0.3906598538933829 2.9946241036501773 0.9947199157449629
-0.013411401596941763 0.246251634498042 7.432242606927264 -0.31073635050737547
-1.2923856531862312 0.36091999120493623 6.7226909031626105 0.7092590556669134
-1.1109926526483034 0.26260054072507666 6.496858463606753 0.7250798336139428
-0.28498304449228584 0.17054692621598685 2.1131037701988253 0.6096945962534146
-0.21543473484880926 0.28502973966291206 3.6184816437978986 -0.5940607374654636
-0.08732921624087742 0.18350605353725144 6.916406562269787 -0.893155984446599
-0.4524997780118516 0.3642415026306083 4.001221882680209 0.6033228789155773
-0.8615176559394848 0.2777579031796823 6.59224454802265 0.8177809859927179
-1.1469168597375232 0.3693721488703154 5.603064899431833 0.9546630513456469
-0.7250433884431209 0.30249749954975735 6.491853000422358 0.1853458074809029
-0.09248373701783374 0.31852086836169763 1.4554021476106431 0.6962960447074287
-0.8320394666408417 0.29851427467228947 7.9424958704817685 -0.1647390541530147
-0.7491969161268521 0.30680062152313436 5.998222403765932 -0.1176293310581158
-0.3145020599977171 0.2184226718890576 5.923979080094231 0.11727449051377792
-0.13279813771283844 0.25505230223177655 2.3329093117230126 -0.978292924560477
-0.7529219744387867 0.2608812270283696 5.565021123879188 0.6508117071428674
-0.48533775935961865 0.3416914460138344 4.283312986625235 0.6470781347185801
-0.08016162638134872 0.3900795374300838 4.7178752276358535 -0.48236245606998285
-0.5736826905749806 0.3405679719547582 5.718691098325587 0.6234896784590387
-0.13146789178633567 0.17396513412658088 4.889269289707099 -0.15434591365210748
-0.9106861925883265 0.39580011798392434 7.3046299514943795 -0.829582095312124
-0.1756085924548001 0.325951097543768 4.858905219219151 -0.8325404085407526
-0.14426739065748984 0.23088264818666607 4.432975494504189 0.7009400411645399
-0.2517160272497865 0.3817001756667172 1.608350148479385 -0.3183009091865412
-0.21115697995295912 0.3644083742525521 4.511660336913198 0.15882887421472747
-0.3020683714190715 0.24752527043850892 3.9895682558060876 -0.37960061878568796
-0.3695151612071035 0.3464819184340382 3.5669320986442026 0.6267402971132077
-0.34440560564255374 0.2555576496286915 4.521571754434203 0.8099645181076245
-1.0303559376084492 0.20230931098561716 6.802936181460845 0.5101872230253182
