-0.4537967779302685 0.28879335562577063 3.5694387118927278 0.7263131913918204
-0.9632953924261998 0.1982626618266916 6.162140104938868 0.5380039721937524
-0.3200665813737802 0.2990708290149092 3.868738821527285 -0.5812374710058656
-0.4877876221474169 0.2992447097001999 4.851458975616998 0.09513874498126751
-0.08535081682977963 0.2922181414529976 1.4223754853133226 0.3946057740276008
-0.6114053130265982 0.1891779373533652 4.5241772842529695 0.7078646312623762
-0.1954498514941989 0.263163202388567 2.8885228349764924 0.5758513921379809
-0.24603184705621217 0.22454813373436472 4.861778572469285 0.037968223093937103
-0.3631678703678225 0.22901821902127784 7.716515708387905 -0.7019885132631429
-0.7353635416250452 0.2808614222155291 5.116921481578207 0.7726321342814293
-0.5607884005422241 0.2906652776493147 7.476545823415822 -0.03168058398268525
-0.9132559775488107 0.2422632809869834 3.982087810059471 0.9563322677253709
-0.04258277912395658 0.2883140824811152 0.9957056890583145 0.5200158312505689
-0.7562275679840109 0.29473828848324624 3.9892424934908597 0.4983297693691824
-0.05262571815723449 0.2626247050886555 2.023706485528736 0.24387028538124755
-1.1761556966800069 0.2905766498493971 6.285520290675726 0.6286613320884344
-0.2319486313574386 0.22560942578063004 2.5678692262440324 0.18916148192931037
-0.6704861568559726 0.2136082786146615 4.229494656709268 0.9214254883344521
-0.1400164114669067 0.2613701099681458 3.6118446298279503 0.8996779560080901
-0.48915713307047803 0.16124671922895772 3.9607600581172484 0.6341956388929733
-0.1946661249326942 0.27353563837724904 3.8890914151566918 -0.6560973831594126
-0.8808287170275062 0.24028959414026838 7.649988840109323 -0.046558513982879024
-0.08732227281889937 0.14604583839028015 2.8175571175688603 0.6663038187726202
-1.6876018318215085 0.2975003517561909 7.260546778434677 0.6462700447722869
-0.5850497890950128 0.24541604965661604 6.726247251122777 0.5016865681622791
-0.057168508566266985 0.22532459050263867 6.475807369302255 -0.1366918749458983
-0.21496454473641968 0.23373912011716766 6.436529880045674 -0.1989066872008005
-0.10139184885484043 0.20389038677324386 1.174404923433289 0.8192697637234911
-0.12879858805938027 0.2839385761693159 6.699369024737245 -0.6745437773302345
-0.6402737801727474 0.2838227105197137 5.639485308065346 -0.4467196451039739
-0.5401067482691237 0.19466526248172084 4.9811893517217865 0.4966421508600227
-0.09344122549456602 0.28309752225279955 2.315752302114751 -0.7472740773875206
-0.39379670116298304 0.28118409189637705 5.977013376129732 -0.3825166328286602
-0.3214288656555666 0.29914503857804015 6.714038183113566 0.10218027574177513
-0.12088883956339624 0.1697347828823042 4.921801996867026 0.5435702000036449
-0.035980861925646535 0.24426402611706646 4.614924926345022 -0.9259543007712587
-0.7008535973946775 0.17873874665139014 7.458337619156584 0.2465202735673373
-1.8192011610141092 0.28474974116529017 7.880176282322548 0.8004903374708277
-0.302854658168604 0.27960422167896976 3.046648499719587 0.14292015492062293
-0.32568836946375246 0.181839717885135 7.705732847392999 0.18918571570092535
-0.5037566044241923 0.17623654954455756 4.418887983882794 0.6177465105849438
-1.6003431818879765 0.2413670058958473 6.214354788406784 0.9958203306817461
-0.06687643060436788 0.2626742755766795 1.6873141905323452 -0.44810383449886415
-0.306197622816603 0.13578485230288595 2.8303550188401827 0.979786348845169
-0.011493129376937805 0.1804583049960567 5.319317227190864 0.539486047082105
-0.3216477300966294 0.21158444059381104 6.167267027771514 -0.6642649198593122
-0.10799491882496515 0.2052809833340528 2.2266697000695457 0.48758775934397414
-0.14736102404263285 0.261791595442332 3.083198928294732 0.3707983907190069
-0.16977308220344112 0.2086382341208809 2.2363671925822253 -0.0654398791903732
-0.1847572346799049 0.26851608826720064 3.1335722855366193 0.36375511005458083
-0.5912943350724174 0.2691063147577876 4.696304033536025 0.7629738283428347
-1.2289267233298897 0.17967370453969336 6.1577341218987245 0.9949747190535247
-0.19381853294741047 0.17653875855706588 3.4791886503182097 0.5144447389558355
-0.3865127623372633 0.24591921333150776 5.682391664063163 0.4293972810568991
-0.2880338080536826 0.26210120777006524 4.761161292393249 0.182619575886398
-0.26132990605718986 0.26158649513032456 7.933388987620154 -0.20316850839536582
-1.263597164440298 0.28355570709612077 6.941838080669529 0.5464179969128604
-0.33753616278098963 0.2104765642929143 6.24253927817947 -0.42559117268582836
-0.5367645559960645 0.2613666338240333 5.410693226758967 0.9853833356950632
-0.1557919425496188 0.23607391940727768 2.399330225475386 0.5841828461022027
-0.044333302518506645 0.2064678743104907 5.32623720058318 -0.9833816083272655
-0.08796996128028889 0.22798698789896812 2.633690707643127 0.7639588804975601
-0.22629358498321106 0.27750033056539497 5.0402829538927545 0.39646898002041
-0.6668651449042557 0.20852949109108254 5.466699083647366 0.6454320245234144
-0.6243396954132476 0.2992083799127132 6.313971203459463 -0.23060988923662396
-0.28183837900851305 0.24344183113196888 6.340141376462233 -0.18306759611191326
-0.306982367074238 0.1480349068677096 5.251352029855064 0.5884272244079018
-1.0554423551088212 0.28726878502415315 7.48226184043075 0.06554347603878785
-1.0666269375281068 0.2325175776289048 6.971474250560969 0.7632281842178616
-0.8493810521157565 0.2781914476005737 7.4365584059307155 -0.23520298648089355
-0.3675806734437834 0.2572419520202444 4.786859641410225 0.2617768550820232
-0.7331871377409207 0.2870679549773666 3.395773398332623 0.7495484501031402
-0.7150412657873801 0.23183978969526012 5.198128243396631 0.3168090230981764
-0.6286225062187485 0.1536932276603254 6.406344253754485 0.6297718206845344
-0.4262575565064677 0.20402652008860714 6.728483060510997 0.14021652211630986
-0.449974496126911 0.26791279260553896 4.19175789604996 -0.013447927933232684
-0.44254205591287565 0.2797184667169834 6.942177345034972 -0.8800420840658172
-0.05508751422648639 0.2179870822611162 7.295823811256593 -0.46541073843526615
-0.16088145157439704 0.2700530778777293 5.376950502857324 0.2223213081055373
-0.2727175463635576 0.1870597951465213 6.061153695477415 0.5060952728455292
-0.26552660998848854 0.24137320430380985 7.3944427927552 -0.4619040274063908
-0.33765147261105377 0.17434719794142128 2.1715160101136135 0.889521641738116
-0.24886745006046218 0.19936376370081602 5.201562009151614 -0.5547374988125853
-0.44431772293224014 0.25396456729162065 5.120553500905533 0.5500580342913701
-0.820802139615304 0.14550058425689089 6.204777179443645 0.9000976811554435
-0.559437079793343 0.1789937404095178 4.905959297287867 0.4625504955381645
-0.5495599751705222 0.22505568874855358 7.580531234542832 0.0372388169266995
-1.6172010461799542 0.2757796476067432 7.32694486169406 0.5948805108711499
-0.7084749305618117 0.280361487728891 6.304602311632334 0.7098964692962926
-0.48078834554830463 0.22570576351087004 6.0236569606831045 -0.24853612602114872
-0.39340413870053625 0.22446496866032126 5.922618023253422 -0.45158357737833943
-0.20225866803861514 0.16383623629515795 7.7897452820047866 0.011507607723997282
-0.38242046389302 0.23648852285964228 6.743848247944403 0.3511110203667136
-0.23579467522741626 0.24604804901052557 2.5665826646117633 -0.06475283018202682
-0.09959419042093032 0.21841979628171496 2.6611012771851748 -0.42955016975881666
-0.20237294405473394 0.19189551162548346 3.9033521419651276 0.4008771332996992
-0.29924963995835063 0.21647132172238748 3.383947590766671 0.635650000209784
-0.5446854028019328 0.12474846942051712 6.817207751876612 0.9894844510802263
-0.03494180830031013 0.2496698926791415 5.1630558272007105 -0.1178847310209068
-0.36085437630663786 0.2653350774756518 7.765612427177451 -0.13248900217605541
-0.8721090438188173 0.29229440729862943 6.876826298953793 -0.30901963230565244
-1.293720845905802 0.25631032693375616 7.389403744277354 0.7748296428502661
-0.7659963920188193 0.1937120973733279 5.400723555279879 0.605650332611988
-0.28356034049207124 0.2812054472824004 5.837377295667742 0.0250246167597743
-0.4738347462967343 0.2591518216261243 3.264739042827868 0.40201507668874803
-0.05119432522758505 0.203393625111817 5.503796379687646 0.24265123202624328
-0.12352586060319615 0.2671200602239118 3.4809612277877546 -0.025462656714308807
-0.9041388144273861 0.24843538447769986 4.874340085360389 0.8992465595363262
-0.0579215517904248 0.2555386776286363 2.9136418658439958 -0.8307642427011783
-0.004925549656500605 0.2206654107736709 3.856146151657522 -0.7840244044241513
-0.12940494987765438 0.16384720005972347 1.248432772560359 0.42599121828655684
-0.9130324817457038 0.2742423418069858 6.933686616868325 -0.06890738428010112
-0.5070575940760798 0.17584059790699963 3.0049247561967913 0.6999228873010113
-0.25856374616291244 0.16415276114773417 6.567286101830672 0.5908743461664685
-0.19912451503770034 0.1562222219959827 5.8977027598543055 0.783468927632301
-0.5215179391361342 0.21374192561592043 5.585102821607442 -0.0647326613341539
-0.19698763704469568 0.1872217526751694 5.464902352693026 0.3725529914474828
-0.08926149732645161 0.2487990960581807 4.302369244923706 -0.17534118212022598
-0.1077635248855826 0.28824266350810884 3.309633073516956 -0.5006744753439529
-0.6709516586008668 0.2714201134195075 6.311044158496844 -0.24567159667745098
-0.4320095937056434 0.29508634715294696 4.345655450328666 0.6092293891370029
-0.3185738550886812 0.2710620159342139 7.145968030327711 -0.35826072170921597
-0.943310459505931 0.2970295682070164 5.58825016423556 0.2527361967618742
-0.09578119729111179 0.21795182168293165 3.619847063493185 -0.6527250677807737
-1.2480417620177295 0.2956624037295056 5.359388917209272 0.839628962617688
-0.1490031279513928 0.277039788211503 2.6878220539321642 0.034357746664055444
-0.025205221048611115 0.19447094822607572 7.527336336194836 -0.32944315861001083
-1.660886830164591 0.28895607549673813 7.336028415707833 0.9652673593609653
-0.12374718333080126 0.19648484369710867 5.955065165075808 0.18507863783210787
-0.5364956782908208 0.2340978099751515 5.507915572582115 0.33432284217887953
-0.1723282639362682 0.22647749836135872 5.060758587346367 -0.9960011825671973
-0.6292522715824203 0.24006523067211688 6.26875217847587 0.2519922863934423
-0.6866021465774417 0.2505572536697602 4.983577636567336 0.928276485977251
-0.6190329712272025 0.2879382252543272 4.184299604995356 0.20383524664649944
-0.6544943208543708 0.2637823283013144 6.616818190473436 0.19052471794860693
-0.8314624285577266 0.19577044770664512 5.949695135199518 0.606397693527603
-0.15350455067535074 0.25580267434587384 2.3248534956963702 -0.29547340727499116
-0.08221605687502453 0.2105800503209448 3.4035892909250913 0.21519616873470748
-1.0026056247281194 0.2788760589257327 4.7041779689810435 0.9673829589848126
-0.18555534067155555 0.20904550112814088 7.478786908874644 -0.194364130037334
-0.023876813258578933 0.25347584003163715 3.004849961658956 0.2910469938597722
-0.2558440129982009 0.20536768199033015 7.0715560589725985 -0.3942593440125084
-0.11759261109039287 0.23191223799505337 7.624612662040251 -0.35810076350087017
-0.0018529833765583703 0.23573288466290226 4.282351799680249 -0.2773880164970539
-0.7279870951573113 0.20533057353608883 7.564641902974942 -0.023723489188413938
-0.4254616124950821 0.17359783835846343 5.901000623720127 0.34357805242473605
-0.4550468923505908 0.18082039438802502 4.331738620449973 0.5266634746087844
-0.11942538719001927 0.1942754389094174 2.0649448368888406 0.020310197978167688
-0.1438280424264584 0.27823482807295186 4.065848936846015 -0.011788267894816462
-0.0665085979091431 0.22851630700959272 1.7509785546524856 0.11887644839596256
-0.43266769956551276 0.23022204885937408 6.478192274435256 -0.023897812275629482
-0.5787660400657677 0.2234492493864369 5.544223406430046 0.7145337042504425
-0.9022984705790593 0.23412343713642034 7.389348637253493 0.2321925169743655
-0.026128964158625312 0.16400707997154182 3.2169177430829663 0.12906601402343676
-0.22291344421547743 0.2715466610430852 6.471586051000629 -0.2948788946132932
-0.1272547922079983 0.27205706543243124 4.958431920510081 -0.27306678442646937
-0.6343437865011452 0.2924995737979768 5.145063912396341 0.9711838614066068
-0.4695768693790783 0.18272541068398387 5.901396659518593 0.7217302918684267
-0.00870991454014991 0.19647108087912185 1.3503620634651456 -0.5984837361544448
-0.20978721141695145 0.20814489848998735 7.939322506066754 -0.4523752329940325
-0.9472978787703532 0.1956490924044672 7.181119295859423 0.5707904839656341
-0.4180077708440326 0.2984474198406551 2.8251590123439296 0.45320320349268406
-0.134145522107884 0.2843546207710576 5.110564878735671 -0.7831316003421567
-1.3377460680014674 0.23887038137053945 6.0659447567312546 0.9765935288655685
-0.3723920512993053 0.26647475973121854 4.788187493670646 0.41962104651876597
-0.19878832210216824 0.288915163276617 1.3177071533356903 0.5317672251438115
-0.47275925560336085 0.24607769700517618 3.784479478880593 -0.028218323176716353
-0.3719397440601191 0.22271509485656166 5.42105397191138 -0.5789537449630158
-0.4232447047732879 0.28045045425399 5.585886394125456 -0.19857587995382775
-1.1765535894682888 0.26842091356103776 6.392176618589241 0.5244205100960548
-0.11323593183224157 0.18444992738325588 4.607444538398204 0.6395475891774782
-0.40755350316028505 0.24505925650416538 3.486471566280075 0.5889696008839305
-0.36126690906909875 0.1585459777649852 6.040891811274787 0.29565867494380216
-0.13173173528933835 0.27929386963120173 1.8146155939858453 -0.29234015348188236
-0.4722966424003636 0.2868233169785798 6.138542847795101 -0.6711408514926713
-0.1469850778074382 0.2089629051066392 3.2043282808847806 -0.4110105836465312
-0.3001993509677292 0.2982966173899883 3.7408124117060186 -0.33032072698199433
-0.5037500355403357 0.2416671908184384 7.994314992403737 -0.44022219599254764
-1.5093220188143501 0.2922296197529802 7.2742884875931875 0.6875907005209942
-0.489458306203441 0.2421588788648785 7.183479752521033 -0.17926890832685216
-0.037780950794815915 0.21254917865331183 1.1944090835178613 0.9013733949722298
-0.8037259903424483 0.2935256238042291 4.913907072200977 0.9432746993474008
-0.10711967493616203 0.18451996795078765 7.858762762169666 -0.8333669065163931
-0.25370169712502855 0.21264609626472233 5.3530787420814185 0.7280010095739387
-0.28244686568204 0.20335173906043208 7.949958099427146 -0.7045080115904883
-0.8088249625603081 0.29178390555072925 7.396523295279779 0.36866678668541386
-0.1342975822588799 0.2425221903772976 7.70216457767162 -0.3656482619968038
-0.7823742043863413 0.2056551409363738 5.735682675446489 0.5778207761015599
-0.7836217316818026 0.2652668612105112 7.399106370725 -0.33554536556337955
-0.5843669202644937 0.23931073641364478 3.1646091147378286 0.8138162242124631
-0.455464622721677 0.2659952937954343 7.4506051229960235 -0.7849533728484368
-0.9852507980214504 0.2762039638560333 5.1908994764023095 0.4368774113915668
-0.006666095693958818 0.17496644067431807 5.01756725605504 0.7420578859742022
-1.169648777898656 0.24634285948243811 7.181261337005956 0.9896258876997719
-0.0015992113310363543 0.1552664525741863 3.6065477107023005 0.8155145871092719
-0.2626340860346832 0.25172328574256025 2.84491209996576 0.026498352354315635
-0.634364386661981 0.20246047395868938 4.87794457871764 0.38015984626753974
-0.5570786017174627 0.2727001064488303 5.633894352403241 0.014583369648073718
-0.3035742872824805 0.20901029692392645 4.927138250451302 0.6151596308266096
-0.7383114831583126 0.20949210576921823 6.380151830743343 0.49022090297262433
-0.2400658512539069 0.17837752979653806 2.539511465769241 0.7656715629354263
-0.34207294804578137 0.2118990799884815 7.141999600871885 -0.777981532691912
-0.13800808840467926 0.2663015439144338 0.8110505002841153 0.2883610154249183
-0.7857475486741583 0.2973417435532141 3.6645106232716316 0.6169171491326355
-0.6792055243949602 0.2711689688353967 6.156126449573257 -0.3605861023457897
-1.1481624427205013 0.21718534021661676 6.739826514795879 0.8073752587941545
-0.05776528303147033 0.11875811123211957 0.4221584588882301 0.9898970575329911
-0.8172087998513178 0.22254016021137296 7.434349162968698 0.3239731342703005
-0.02767047694268876 0.26449193501503093 2.1044299647091727 0.556226500423517
-0.9161984493961479 0.19818725877153356 7.7384555314848535 0.39365944663075214
-0.706620498094483 0.26525095737043414 5.744889534585529 0.5195074938378377
-0.5818492385380833 0.20567725482045143 4.9551919699625655 0.7953014206954203
-0.19460474906195602 0.2049095444992412 4.05791500558471 0.7095962170225365
-0.1727403457028871 0.27302005789918926 2.721752282488824 0.9054685598318066
-0.1440202505421997 0.21274526310985972 4.860735913986585 0.4897299767296428
-0.7439930289953691 0.19900705340035243 7.798216085808301 0.17799994344485315
-0.41566418307122577 0.2425280370141621 3.752957887930431 0.03683087204971103
-0.5411895373147615 0.22002163732361854 3.2826532068220624 0.5257436593977955
-0.05095505177948256 0.2184673311788917 7.282431810017422 -0.9062613341957337
-0.15754020454349615 0.16879912418559026 3.448741821520043 0.9605536966125217
-0.8714273832247659 0.21329115985186312 5.752902838884672 0.7307918081398517
-0.06143502863408368 0.28885399694847097 3.8885402226581673 -0.7176808829763055
-0.17301382254180342 0.28444569831048855 6.373783296178253 -0.13748797409688107
-0.005405109521657403 0.2532586945917688 4.143890921868656 0.7387936913013284
-0.4086480021542205 0.2456203009128887 7.38020084755117 -0.41528992304742873
-0.9538257755449475 0.22248804931334568 7.1518061293338455 0.8203452818660129
-0.25774468307108456 0.2495813248218843 5.459176999185023 -0.4624065098337504
-0.7025417733829509 0.17821441774381103 3.962281067962082 0.765485434252305
-0.823865167195255 0.272846995816788 6.6145860935181355 -0.2565703898502667
-0.49575602621999804 0.18929427653706685 5.364553140743141 0.6227405729139031
-0.4851923155269593 0.14090606881923662 7.445232590812162 0.5556063844618748
-1.2802210173058193 0.2032515616919424 6.738127269023277 0.8238619393577145
-0.4397012214745153 0.19298981539459992 5.179055323277911 0.24974881928399761
-1.0520043719045888 0.22019488784661884 7.966828303987975 0.6588044394210202
-0.5594004487259239 0.2851423758811899 7.835252160363945 -0.6926638178691809
-0.48379683040846566 0.21713478353219992 7.707386550840661 -0.24268937623418507
-0.33746359704766227 0.16776851835577733 3.4159463092493825 0.5526997066086812
-0.26295356103960543 0.29748697173057004 3.474971498750035 -0.6739363334456483
-0.41073657097919947 0.22133841984502176 7.551780900805827 -0.2510183807353277
-0.2241819619936063 0.20971956696118121 3.8517319507481806 -0.3249747953481521
-0.28155835553034625 0.2748621953673956 6.447705973274827 -0.6879008304724246
-0.35745164193974 0.20010015164349726 3.009294343808226 0.3377338224932056
-0.6348013424422594 0.22433764092286057 5.751287386167111 0.8315492772062196
-0.41848936396921 0.2660518452896144 6.4910610830594955 0.20729275953244763
-0.4131614373472354 0.28751316940813215 4.360138152142683 -0.5721464119905086
-0.2170902289114658 0.29555708227607774 4.336932398543534 0.6199837760727496
-0.1995595654798319 0.2969814569341404 5.899809537048252 -0.9513615102533961
-0.6270551379135005 0.2682756428551957 5.792899229622901 0.9455449406854353
-0.1784645480796052 0.19849226834091013 4.803703806698852 0.2234959110739012
-0.5822935990379989 0.29928105097161545 2.67984434226279 0.6739975702693692
-0.07559209940679179 0.22985440209200353 1.6412590217625818 -0.48984365578745104
-0.1566613466587352 0.1535815114126434 2.335454028324623 0.8834764699555075
-0.5689481054210239 0.26476032542315225 4.601553983951752 0.7651769955288659
-0.04820520171612874 0.2410482953009522 2.501811974679213 -0.09573798808680678
-0.7633039695828159 0.28709236947193506 5.294543351009256 -0.10234464299877133
-0.4809463214761849 0.2625437719137793 5.309790453020335 0.354429931985039
-0.12206092836123927 0.2934402640848179 0.6798419724303892 0.5927166523817688
-0.5923538861429993 0.24767077670109267 6.38299359425762 -0.0670043991742435
-0.29528216572449617 0.1508534357274618 6.08804899131173 0.7439488602879238
-0.8355426084962918 0.25453792226629973 6.181779985026928 0.0986123989170411
-0.2719684408987115 0.23862191340957065 4.253393292533146 0.18149625203662878
-0.7670535437029078 0.22859643841179986 5.531301513065722 0.20426637632253986
-0.6233039041021871 0.2909354557713255 4.519455406348843 -0.024188231454746134
-0.1532004069326387 0.291773245319101 3.1896519560748313 0.5355380608949079
-0.9177342195859028 0.2399881151893495 6.505220321778043 0.16093547069899872
-0.3243074628142941 0.20868914795124177 4.01409624039636 -0.14808758195933658
-0.6357627557309167 0.2630254813433607 4.972658614848103 0.6088517910427167
-0.14686111380701017 0.29383800946368194 3.528846645382367 -0.934512081055374
-0.33219774252537193 0.2993482026702414 3.792887332204976 -0.45450088317734627
-0.019368961407167484 0.2238497891299957 0.8679052136946197 0.16689188449762793
-0.2049435574193057 0.26994606513662106 7.688932102872437 -0.9722661578955034
-1.7410341944792425 0.2839281884908873 7.676393791996556 0.8154690185397717
-0.8204693269510979 0.22847293824527382 7.81775311412426 -0.14955643923051953
-0.31481067447685973 0.29781907043764116 3.643123687748921 0.763027567858984
-0.21824416640845268 0.20054814621315237 3.17899661715765 0.432000458897557
-0.22008244515041908 0.22848217572267393 2.4908857171075836 0.0029587371544086416
-0.016005635169461963 0.2822566140014302 3.89500947638383 0.7966049704490286
-0.012558409672049908 0.29713060982873907 4.225547664814395 0.29162714143840196
-1.7349923908952525 0.24661070638258173 7.864031033385304 0.8577024200203509
-0.10832128083954817 0.24138096986097798 5.6530069222300945 -0.7311155145480697
-0.3695388993595161 0.24591566482182034 4.220167513702729 0.29875398836947853
-0.2040883088421248 0.19047858845927565 6.889373196585195 -0.867878205599129
-0.43151326068314066 0.19168204885037093 3.619937196207947 0.5997118257755427
-0.8501317484344684 0.16247342121722255 5.115208010660924 0.9607496524245618
-0.5579797083355647 0.2311965150341119 4.404589335924317 0.40187029502260585
-0.33688466868227085 0.22769772591396611 4.534259199916998 0.658078882313875
-1.2575339702510313 0.2542434297597091 7.608989034235384 0.3590904041916947
-0.538244384105645 0.23436315595165286 6.871172809139546 -0.321186990498312
-0.1697846464222077 0.2051561438551489 7.291755697991524 -0.088812842417334
-0.49688869146235115 0.2900487986733943 5.571127456089967 -0.9776723759960115
-1.364190504110619 0.2983623818044996 7.1509630357317775 0.6494994644389671
-0.3151733526950453 0.18153535100320312 5.60661269394884 -0.17975984438119164
-0.1845609486146722 0.28101803821654125 3.6743966125766345 -0.5789562079640131
-0.46306547589143277 0.23560877958405313 5.716510013248654 -0.42074927972773435
-0.31647145777469166 0.2244228156272105 3.618760899137918 0.3088619883142678
-0.4323232737289653 0.18066432910421168 3.4418764752406314 0.5595584518912982
-0.028189365151040535 0.1640856979754719 3.419115761939965 -0.17458187353090038
-0.548445228197298 0.20903069268500027 3.4890071720641886 0.7312756570990979
-0.5533909023938253 0.2647722492475927 5.685116403715663 0.34303229793431833
-0.6223422221363799 0.12286608285018487 6.110838953837835 0.9210323443071295
-0.8142792133516781 0.28732139855215927 6.532875529408207 -0.04126256214666113
-0.10453099481639372 0.15457734833249784 3.7325740922444908 0.2344160016404946
-0.14412036046243393 0.2557035010019615 4.921130213929763 0.49069313722959107
-0.9490754705834301 0.1903443258925667 6.914415424002213 0.7602570118098271
-1.0927639643938358 0.26837008310208144 7.26794504638716 -0.005442033804416102
-0.4166918009634022 0.22830053461764374 6.5739834526446925 -0.10332888070629531
-0.4918179625832033 0.10837227584077126 4.443764204037693 0.9744967972237186
-0.7537892073113901 0.28136576444181105 6.401419861532986 0.3028031455618376
-0.08339977511358132 0.2634118223779773 4.30704504245528 0.00228906934655404
-0.44869514318088344 0.23143698141125754 4.00125952837742 0.06326897693911748
-0.42694483345922185 0.21405637946110287 4.283194479589089 0.4376296990673809
-0.42239768843317904 0.184340141273131 6.800982444520725 0.6101050802880552
-0.3522604612925533 0.21353465739759792 2.516126435461988 0.7590795527779044
-0.8958915213860166 0.259201755647664 6.8814410009845615 0.152862778599556
-0.11118053284310458 0.2658272475312718 0.9963810950760381 0.18665979908150865
-0.4610711433047241 0.2864200675102035 5.651704705021195 0.21986345659999884
-0.49036916067259684 0.271507860954286 4.082586297802641 0.016692403732028627
-0.4236225252025003 0.2822268446488209 1.947507374330133 0.7678470117100666
-0.6072404475217885 0.23386085718112876 4.043744655685763 0.4929611246155974
-0.126581844698048 0.23330036689844996 6.753335162880624 -0.3282271300986468
-0.6287163927387929 0.2925343296117612 7.978144407528732 0.04263259469380398
-0.10155901693268898 0.235393423069569 3.8636196164438426 -0.02418955338735751
-1.2910163170126407 0.22340787717595711 7.986168993950391 0.7181942356240991
-0.21118586199070144 0.25044034164925255 6.073996743325512 -0.7879166636140207
-0.2545958615871904 0.2771175723807262 4.173373129412939 0.49687079122335187
-0.7668664649733261 0.17369321308774707 6.405775119983071 0.5841396437268898
-0.10997972252697208 0.22822599693740953 0.7244915596197483 0.6061910723918151
-0.46668246435075145 0.23669850668390746 2.787684636866599 0.8409303235084542
-1.8442412041229002 0.2464072892879582 7.093249573219078 0.949612574730951
-0.30829883659888035 0.1740913116868551 3.48557801976958 0.6091518652431438
-0.0952305633891164 0.26653599477169376 3.450056024378463 0.35388521656060745
-0.10222099557972952 0.23731007668623572 1.4476271755789432 0.1351127107749852
-0.4109569682158074 0.23934887012905923 5.324433784232821 0.3919777541600198
-0.03432973328623112 0.24588189447950953 5.109060607755657 0.0661976755979079
-0.11281642210857279 0.29486194664164295 3.463472304679807 -0.9491174893327863
-0.19790504653085983 0.2442730197907581 7.8577937420855895 -0.2671099720285448
-0.3498985809922972 0.24902429244814836 6.2587650596925775 -0.03037253520979677
-0.12617762045639314 0.19243257750510698 3.5881759696417292 0.4434869885977759
-0.06356500852956826 0.18876695171514213 7.9734153195186295 -0.8201663704811004
-0.29826766088766754 0.1374632475284079 4.797203267892382 0.7019699498369081
-0.3486747102020129 0.24329955365306635 5.086721010122744 0.9732291250606697
-0.7025366545844554 0.17141319540090555 4.619266336340834 0.7397060685936139
-0.17966719051662117 0.2932929905877555 4.0743803461491686 0.07929483411632221
-0.5064119462467338 0.24288808190363742 6.466833428868037 -0.052971432368184024
-0.7436702442135137 0.2871106446180896 7.885644025442654 -0.7117642631110106
-0.03925632854032024 0.26377252055103534 4.4300739477730975 -0.4367122710881528
-0.07869202348572157 0.15675113019405074 6.671929353918272 -0.018034370110873166
-0.32462962652409844 0.28389199323769704 4.808204567871691 -0.9401898320558701
-0.032707944415613754 0.2249647498973523 5.109900251181446 -0.6252270221611615
-0.9877825781701091 0.2326214694656167 6.005561220786342 0.9791286204511134
-0.45354540886447636 0.1558440253996904 2.8942412348887174 0.7956565798443365
-0.3195108410134295 0.28542759221511527 6.252317307698855 -0.7843184025688292
-1.1425798902587898 0.29354808712973746 7.842809927646619 0.5134870000647791
-0.8590076213428193 0.22478669945180546 5.7265767961614005 0.7499297289608162
-0.5850816436200958 0.2129650633312944 5.650901200990063 0.7033246211395656
-0.22894515105076896 0.14514976102360738 4.9148968076690975 0.688287562865955
-1.451635789076263 0.22373383497718674 7.342476887611375 0.813944734690206
-0.03470170323485089 0.19362721328910748 5.390086150736475 -0.6119266692524508
-0.7234477972007685 0.15696991163486398 7.304083355633155 0.907806966372019
-1.56645028984129 0.2506747249881361 7.856641811628672 0.6829378280659248
-0.0029886953035687114 0.18508198662206934 7.886407648886085 -0.15032486882395601
-0.05344079372654664 0.17709257601082065 4.73695224191748 -0.6604765835132407
-0.9548103458984984 0.2713276314167705 6.439869134253142 0.6947112040354044
-0.2662901825132842 0.19650150374533742 6.489536312555883 -0.3244216388997805
-0.4556204214613859 0.29117718959267463 5.102961194341299 -0.5504161526273226
-0.9011465142278898 0.2543153305415708 4.826649319736603 0.974594793336369
-0.6596995792855849 0.2194543852944677 5.041916376579001 0.23820891229375007
-0.2904391313903396 0.1939712692621051 2.3147550861307433 0.9949222215360394
-0.0164275687833062 0.17552014217979126 0.3416484845999008 0.4596109173689815
-1.4922906784391394 0.2320501154079758 6.825855109014896 0.7846615304040785
-0.8915811120985351 0.26524821458084674 5.959158680197347 0.44609080389554046
-0.3690391160215649 0.24572877343523056 5.274393199577897 -0.09339457544708973
-1.1747491711924247 0.1705780042235676 6.510172775804105 0.8541101380836666
-0.3536573231120268 0.27774379449344044 3.746440910213469 -0.2571491141437563
-0.18162686574917664 0.2592422122431022 2.7273531817245544 0.5482517432430547
-1.073436652488622 0.26200573550968403 5.133532689801609 0.5813665521713411
-0.09449033807923013 0.22832112754456463 6.825529341854492 -0.38577233105170605
-0.19300497733107158 0.15911855196346178 2.0184809574084435 0.9358659277591073
-0.9065142081031607 0.13597121831135933 7.502345208055992 0.780794898828369
-0.28270229777044675 0.23783842861939053 6.576401710278265 0.23979458355603533
-0.2790320464238616 0.25525706641347384 5.031350075274589 0.3622243827633229
-0.2565247619305575 0.27386251324949495 4.058848511645335 -0.30022793528324865
-1.0779736414019898 0.1397023127653722 7.600785984607884 0.9684958140969355
-0.0325766926668809 0.26175207276520224 0.6061350780264041 -0.5725677140391192
-0.6150562717263286 0.2431381227699571 5.016942002296203 0.5670801609015053
-1.5251361280679148 0.2644854739026425 6.306972816214257 0.7732615545882178
-0.24792944793944938 0.24533202058282005 2.7601461043016133 0.8728859157459907
-0.4926384194465738 0.22618420771460068 7.970783597345498 -0.5237627996908889
-0.5755387819321973 0.2746543974154904 3.7028351333942684 0.4613426598795005
-0.5502386217770796 0.2816572318065442 7.87516142526034 -0.5687719869196297
-0.5957551576155162 0.20351703768072663 7.757568016256538 0.14261179028491888
-0.7595996105681071 0.2168734116791647 6.271274583485784 0.8984004311562113
-0.2129462028022724 0.1898058083499521 4.618752962806069 -0.22017305786823194
-0.5457447600577738 0.27840731279508624 5.248685510948694 0.5530514358358309
-0.7125862905913387 0.23093672413283903 6.438902595225495 0.8128773617582916
-0.10283593259409218 0.20826311454365748 0.7746804485224779 0.2895665811977488
-0.6391016173014636 0.16958042302230372 4.998479043089546 0.9858411980466102
-0.1782576229756634 0.27083691801952786 1.8383294762695659 0.8204629157134424
-0.16918004354368898 0.21873989900585927 5.189566106158235 -0.37373025860081666
-0.4433928379630794 0.2780224173293952 4.334416359955196 0.42738269912316973
-0.16015198582429968 0.19372967808535405 5.246914026723747 -0.08682666322373933
-0.5111871981008347 0.13090739816431365 5.441508814467837 0.9106580543284264
-0.26835954551916164 0.23472882471313775 5.555742732897459 0.14057934467500677
-0.3171459593738799 0.2883103771139479 6.23933522464431 -0.1170316959590334
-0.3547861924284246 0.1988233555583119 5.3156216245632155 0.4287458328060898
-0.5150425476028637 0.22410516153089646 7.925243840757683 0.2905218155980518
-0.7295922952684564 0.2838813587073894 3.087795611085551 0.7591397986645987
-0.7021547670023269 0.19555399446602276 7.400710114101555 0.7027479865899047
-0.08025811890988788 0.19138371024608772 3.1178315586714866 0.6271502257745034
-0.3654119459600318 0.2718322103263806 6.400420922191823 -0.8105519035280995
-0.005796612633372389 0.18089258843828868 6.328769624069212 -0.9299426558715835
-0.23691199033317534 0.15713263708658312 2.117897503782606 0.5532336198084689
-0.11158005106896418 0.22624500169403747 2.493101744325404 0.5948516119161007
-0.9251133454040719 0.27639154001121596 4.701720618938231 0.765053134641996
-0.6734373166631462 0.2224129881092191 6.771062518957732 0.1301642033560615
-0.7891581472608582 0.28040004323864115 5.815906724740623 0.4764845456531428
-0.33671156847798667 0.22494357186862837 3.5897821848874703 0.03779529477621124
-0.052614818726010704 0.1822247239656075 1.7448091835074138 0.2975919791794275
-0.01676894357643688 0.27052999222019325 5.197783341874255 -0.9042669004038801
-0.9018272686988142 0.2807812692125893 5.307019034993392 0.9484530899302412
-0.5495732089096992 0.2632058122778865 5.101519223357091 0.08052700135804725
-0.054565488647410065 0.26553887889680167 3.607792454524268 0.5365435594788315
-0.24912381499319358 0.18840999411305717 6.294313488092228 -0.2401830138348462
-0.5634905790301326 0.2764563385115818 3.1287191025006873 0.4881804567191199
-0.36011212142694804 0.27138223901583003 3.626569565330186 -0.3740604396514755
-0.4790609160420183 0.2969025567988001 7.459189559156219 0.04375590230498938
-0.4412160018072868 0.24599310711798075 3.4251043120401006 0.8277876700031594
-0.4146995286457791 0.18456335366694473 3.557575776593203 0.49075614920202737
-0.22037490826862194 0.2654283989201655 7.534754219407405 -0.594477229061469
-1.3353724208944364 0.26419306554078953 7.970506217551262 0.505670853692799
-1.258668398851718 0.2586203538568228 7.20284033932514 0.6742749666772887
-1.2551839166378203 0.2543773398349934 7.273748536902859 0.9896729677887177
-0.3842937854610693 0.17621482574417158 4.205088436436115 0.3322144236479896
-0.2010321709225913 0.2513953765537111 4.924945105905639 0.29807530946425254
-0.22306602597139458 0.14050762647604303 4.964267789042584 0.6674026957975074
-0.53755064006235 0.24652402329968906 7.883658696483532 -0.4648148116581665
-1.3571621304525041 0.26709743905262734 7.859365444692356 0.2356287676829203
-0.6116531300924455 0.29359162276421585 2.7025696401083943 0.6954153208700486
-0.5437827258093175 0.25151441977787875 2.4835822446492104 0.8243775396907769
-0.115405011821619 0.2480814431607721 4.052820502354055 -0.6259120702351779
-0.03282699995712823 0.1586973546136433 7.408352225481584 -0.41885961534996663
-0.11105695345737154 0.20583107805232218 3.4464313347493762 0.7276485045939578
-0.5202782152313934 0.25170923803611134 6.8060320819102635 -0.12900411095620345
-0.5711982434253138 0.17973186769013053 5.718993591056905 0.5919784519113402
-0.7476653147859349 0.2999324184032361 6.7968242846837645 -0.009730580842838954
